mutation probability per bit=0.01
bias fitness=1e-99
number of Individuals per Generation=1000
number of Generations=100
Generation x y theta psi phi lattice_sum fitness
0 0.0178922 0.170073 1.54466 3.08932 1.30918 48.5163 0
0 0.266138 0.251831 1.16054 2.61837 1.18268 17.8939 9.96549e-70
0 0.172233 0.0462632 1.30584 2.32107 1.50076 28.5411 4.81891e-111
0 0.250029 0.528889 1.18546 2.36535 0.75397 14.4034 3.49311e-56
0 0.264382 0.394509 1.16325 2.61168 0.961902 15.5955 8.26236e-61
0 0.188812 0.333367 1.28019 3.00152 1.05651 24.1457 5.48032e-94
0 0.454463 0.386511 0.869134 2.37093 0.974278 6.89933 4.59252e-27
0 0.470223 0.236304 0.844747 1.50794 1.2067 9.36103 1.28717e-36
0 0.526225 0.96106 0.758093 2.32651 0.0852537 1.76243 3.93839e-07
0 0.7748 0.968404 0.373462 1.9238 0.0738893 0.455242 0.0465338
0 0.768938 0.206268 0.382532 2.56037 1.25318 5.07893 5.32013e-20
0 0.011789 0.392739 1.5541 2.11302 0.964641 48.7204 2.39269e-189
0 0.448093 0.622021 0.87899 1.73827 0.609863 4.33564 4.07599e-17
0 0.584553 0.341413 0.667839 1.94856 1.04406 4.91877 2.22549e-19
0 0.779788 0.823241 0.365744 1.68949 0.298507 0.644867 0.00854954
0 0.459257 0.635942 0.861716 2.4134 0.588323 4.01749 6.99482e-16
0 0.514596 0.225553 0.776086 1.51619 1.22334 8.51157 2.54612e-33
0 0.310951 0.239516 1.0912 0.170507 1.20173 15.302 1.13785e-59
0 0.169889 0.135677 1.30947 0.746924 1.36241 28.4925 7.44359e-111
0 0.0500933 0.0309135 1.49483 0.147779 1.52451 46.0202 7.19431e-179
0 0.636837 0.713755 0.586937 0.765065 0.46792 1.60142 1.66002e-06
0 0.916637 0.174187 0.153991 2.50635 1.30282 4.66572 2.13479e-18
0 0.234504 0.261442 1.20948 3.1082 1.1678 20.2784 5.56822e-79
0 0.411561 0.797209 0.935517 1.92928 0.338788 3.94219 1.37077e-15
0 0.253943 0.388675 1.17941 1.75798 0.97093 16.5384 1.81371e-64
0 0.164332 0.78231 1.31806 1.21973 0.361842 20.7635 7.30048e-81
0 0.825248 0.884686 0.295402 1.33568 0.20343 0.428077 0.059317
0 0.0810414 0.131632 1.44694 2.08812 1.36866 41.8774 8.56678e-163
0 0.418293 0.0959641 0.9251 0.731488 1.42385 13.2876 7.46275e-52
0 0.628234 0.70932 0.600249 0.597014 0.474782 1.67672 8.47117e-07
0 0.587841 0.44335 0.662751 1.72343 0.886329 3.62068 2.42411e-14
0 0.882182 0.439394 0.207305 1.17665 0.892451 1.49532 4.28402e-06
0 0.0113142 0.860282 1.55484 1.55217 0.241192 48.6447 4.70755e-189
0 0.472516 0.479063 0.8412 2.44667 0.831069 5.17692 2.21669e-20
0 0.744786 0.431058 0.419904 2.18239 0.905349 2.24616 5.22726e-09
0 0.558018 0.485781 0.708899 2.40346 0.820674 3.62678 2.29556e-14
0 0.700074 0.850666 0.489089 2.61893 0.256071 0.894739 0.000916929
0 0.580603 0.256512 0.673951 2.72481 1.17543 6.51763 1.39058e-25
0 0.826279 0.785111 0.293806 2.98966 0.357507 0.574913 0.0159732
0 0.00461449 0.616737 1.5652 3.04902 0.618039 48.8799 5.75529e-190
0 0.770147 0.165558 0.380661 1.17387 1.31617 6.05674 8.54377e-24
0 0.714777 0.669332 0.466338 0.93584 0.536656 1.28186 2.88501e-05
0 0.68105 0.599356 0.518525 0.307981 0.644934 1.73618 4.97981e-07
0 0.609438 0.61344 0.629334 2.60563 0.623141 2.21817 6.71251e-09
0 0.888792 0.383906 0.197077 2.41897 0.978309 1.81861 2.38413e-07
0 0.0804293 0.362183 1.44789 2.3356 1.01192 41.2066 3.43333e-160
0 0.208109 0.782796 1.25033 1.87103 0.36109 14.6144 5.29932e-57
0 0.371332 0.363473 0.997765 0.677575 1.00993 10.0963 1.80423e-39
0 0.472529 0.966154 0.841179 2.35881 0.0773709 2.30629 3.05457e-09
0 0.146258 0.21519 1.34603 1.94186 1.23937 31.2761 1.17502e-121
0 0.654805 0.746971 0.559135 2.63613 0.416523 1.38179 1.18134e-05
0 0.398778 0.221169 0.955297 0.723684 1.23012 11.8341 3.25987e-46
0 0.289379 0.129635 1.12457 0.590804 1.37175 18.0063 3.65179e-70
0 0.0888073 0.833705 1.43493 0.406859 0.282316 35.8643 1.84436e-139
0 0.205081 0.322974 1.25501 2.89389 1.07259 22.3527 4.97451e-87
0 0.573757 0.964382 0.684545 2.73733 0.0801138 1.3743 1.26308e-05
0 0.404763 0.796139 0.946036 1.8502 0.340443 4.08997 3.66036e-16
0 0.142379 0.0249256 1.35203 2.84771 1.53378 32.616 7.42503e-127
0 0.779622 0.567817 0.366 1.2005 0.693736 1.32591 1.94625e-05
0 0.338754 0.105649 1.04817 0.949565 1.40887 15.8624 7.61058e-62
0 0.538555 0.011245 0.739014 1.3255 1.55494 11.4616 9.08631e-45
0 0.781714 0.441275 0.362764 1.77266 0.88954 1.95013 7.36158e-08
0 0.087946 0.727821 1.43626 0.41461 0.446155 37.1237 2.39206e-144
0 0.764974 0.430898 0.388666 1.7849 0.905597 2.11798 1.64311e-08
0 0.356038 0.664141 1.02143 3.10967 0.54469 6.42029 3.31831e-25
0 0.764069 0.584601 0.390067 0.482384 0.667765 1.33311 1.82504e-05
0 0.579426 0.144233 0.675773 1.6824 1.34917 9.04326 2.20136e-35
0 0.676394 0.0481813 0.525729 1.66214 1.49779 9.52939 2.85968e-37
0 0.703367 0.95829 0.483993 0.839808 0.0895399 0.697245 0.00535422
0 0.355555 0.874015 1.02218 1.8107 0.219942 4.8492 4.14389e-19
0 0.53031 0.647932 0.751771 1.4178 0.56977 2.86876 2.00586e-11
0 0.517844 0.26789 0.771061 1.64135 1.15783 7.53471 1.57216e-29
0 0.162302 0.0638093 1.32121 0.978178 1.47361 29.7787 7.59443e-116
0 0.262321 0.162965 1.16644 0.512141 1.32018 19.3455 2.32108e-75
0 0.270223 0.593621 1.15422 1.3479 0.653808 11.738 7.69447e-46
0 0.179664 0.693187 1.29434 2.35086 0.499746 19.7456 6.50687e-77
0 0.418801 0.990433 0.924315 0.587612 0.0398035 2.97642 7.66575e-12
0 0.485155 0.540058 0.821643 0.715014 0.736688 4.30435 5.39061e-17
0 0.344366 0.75053 1.03949 3.13041 0.411015 6.05344 8.79929e-24
0 0.261489 0.194626 1.16773 1.23608 1.27119 19.0288 3.93252e-74
0 0.853131 0.915006 0.252257 0.761322 0.156515 0.335222 0.135986
0 0.676619 0.550285 0.525381 2.63234 0.720864 1.99584 4.8932e-08
0 0.739626 0.0854209 0.427888 0.932676 1.44017 8.33655 1.21625e-32
0 0.480392 0.733162 0.829012 1.07331 0.43789 3.09322 2.69975e-12
0 0.168783 0.599043 1.31118 1.03705 0.645418 22.9472 2.45208e-89
0 0.881888 0.279891 0.20776 1.28987 1.13926 2.87763 1.85305e-11
0 0.0144514 0.664193 1.54998 1.25867 0.544608 48.5501 1.09633e-188
0 0.149085 0.801713 1.34166 1.24628 0.331818 23.1744 3.22175e-90
0 0.00279782 0.89551 1.56801 0.394155 0.186682 48.8986 4.87122e-190
0 0.109437 0.569029 1.40301 1.95662 0.69186 34.2705 2.82104e-133
0 0.96615 0.530554 0.0773778 2.89578 0.751395 0.845611 0.00142225
0 0.357203 0.790285 1.01963 2.02384 0.349501 5.33533 5.38274e-21
0 0.551161 0.276235 0.719509 2.50065 1.14491 6.66741 3.64753e-26
0 0.186845 0.507548 1.28323 0.722179 0.786993 21.7537 1.04933e-84
0 0.916286 0.225964 0.154534 1.99553 1.2227 3.53023 5.43933e-14
0 0.0672882 0.318654 1.46823 2.01985 1.07928 43.4267 8.32772e-169
0 0.100088 0.71973 1.41747 1.68236 0.458674 34.557 2.18237e-134
0 0.219014 0.997149 1.23345 0.154742 0.0294111 10.8989 1.38745e-42
0 0.984365 0.935517 0.0491921 2.69206 0.124777 0.14879 0.71933
0 0.501225 0.690643 0.796776 2.47874 0.503682 3.01799 5.28761e-12
0 0.268144 0.983305 1.15743 1.11827 0.0508331 7.55151 1.35299e-29
0 0.395164 0.455119 0.96089 0.833045 0.868119 7.6187 7.42286e-30
0 0.898904 0.838036 0.181431 1.91059 0.275614 0.336003 0.13504
0 0.405551 0.907268 0.944817 2.46024 0.168488 3.52802 5.54752e-14
0 0.969854 0.517754 0.0716459 2.24915 0.7712 0.881121 0.00103557
0 0.239591 0.547023 1.20161 2.74351 0.725912 15.0341 1.2462e-58
0 0.704201 0.796157 0.482703 2.86986 0.340415 0.991876 0.000384951
0 0.816617 0.180553 0.308757 0.564632 1.29297 5.25058 1.14778e-20
0 0.833104 0.537649 0.283246 2.51003 0.740415 1.22205 4.92326e-05
0 0.100057 0.613786 1.41752 2.14519 0.622605 35.698 8.14934e-139
0 0.693223 0.162626 0.499689 1.36909 1.32071 6.97435 2.34915e-27
0 0.983114 0.340257 0.0511285 0.160228 1.04585 1.79395 2.97189e-07
0 0.00343425 0.756441 1.56703 1.89207 0.40187 48.8931 5.11289e-190
0 0.389637 0.220408 0.969441 0.680886 1.2313 12.1721 1.59046e-47
0 0.806931 0.328732 0.323744 2.70407 1.06368 2.74538 6.04049e-11
0 0.685859 0.36013 0.511083 3.06755 1.0151 3.38066 2.06987e-13
0 0.186378 0.573884 1.28395 0.732 0.684348 20.7269 1.01266e-80
0 0.951207 0.633643 0.1005 1.38747 0.59188 0.586496 0.0144027
0 0.0917516 0.227684 1.43037 2.09635 1.22004 39.9519 2.53795e-155
0 0.541589 0.152786 0.734319 2.81774 1.33593 9.53619 2.69099e-37
0 0.428248 0.409007 0.909696 1.47803 0.939469 7.27801 1.5581e-28
0 0.585004 0.446317 0.667141 3.10989 0.881738 3.62882 2.25412e-14
0 0.928834 0.674781 0.135118 0.725528 0.528226 0.541724 0.0214873
0 0.64359 0.585757 0.576489 1.77908 0.665977 2.06755 2.57835e-08
0 0.192053 0.631235 1.27517 2.87252 0.595606 18.9952 5.30973e-74
0 0.944333 0.485731 0.111136 0.89231 0.82075 1.07013 0.000191322
0 0.360398 0.362149 1.01468 0.777331 1.01197 10.5864 2.26267e-41
0 0.431401 0.893701 0.904818 1.81119 0.18948 3.1298 1.94704e-12
0 0.713526 0.193194 0.468274 2.04286 1.27341 5.98112 1.67915e-23
0 0.0609546 0.219718 1.47803 1.08938 1.23236 44.5475 3.72957e-173
0 0.647649 0.131106 0.570208 0.780133 1.36948 8.31782 1.43784e-32
0 0.031947 0.351958 1.52291 1.33553 1.02774 47.5478 8.49758e-185
0 0.288956 0.491637 1.12523 1.35155 0.811613 12.0997 3.03723e-47
0 0.286467 0.53864 1.12908 2.69833 0.738882 11.4821 7.56907e-45
0 0.918713 0.859751 0.150779 1.05146 0.242013 0.280005 0.222719
0 0.364772 0.864996 1.00792 2.99558 0.233898 4.65054 2.44494e-18
0 0.249372 0.451432 1.18648 0.967986 0.873823 15.814 1.17359e-61
0 0.186214 0.114076 1.28421 0.17908 1.39583 26.6138 1.4512e-103
0 0.983694 0.039208 0.050231 2.04436 1.51168 8.03698 1.76794e-31
0 0.152024 0.452802 1.33711 0.439883 0.871704 27.8608 2.10232e-108
0 0.834134 0.722929 0.281652 1.50354 0.453725 0.674045 0.00658749
0 0.574701 0.766164 0.683083 1.13954 0.386825 1.9021 1.13074e-07
0 0.115794 0.813289 1.39317 1.54212 0.313906 29.8995 2.58076e-116
0 0.57229 0.450898 0.686814 2.31565 0.874649 3.75439 7.34018e-15
0 0.377059 0.979163 0.988904 2.64241 0.057242 3.80059 4.85755e-15
0 0.748166 0.35451 0.414674 2.94722 1.02379 2.89043 1.65285e-11
0 0.714147 0.0232403 0.467313 2.33289 1.53638 9.43454 6.67391e-37
0 0.0154111 0.864826 1.5485 2.64036 0.234161 48.4123 3.75574e-188
0 0.0313984 0.831705 1.52376 2.30843 0.28541 46.9375 1.98336e-182
0 0.925881 0.579637 0.139687 1.30762 0.675446 0.788079 0.00237805
0 0.986264 0.641176 0.0462549 2.58868 0.580224 0.501469 0.0307885
0 0.0350701 0.788097 1.51808 0.999492 0.352887 46.5649 5.53371e-181
0 0.906252 0.304792 0.170061 1.84863 1.10073 2.44488 8.85408e-10
0 0.425239 0.414028 0.914352 0.079607 0.931701 7.28831 1.42108e-28
0 0.997678 0.711343 0.0285931 1.64329 0.471652 0.351978 0.117078
0 0.63438 0.209929 0.59074 1.47338 1.24751 6.64788 4.34286e-26
0 0.144687 0.750124 1.34846 2.07898 0.411644 24.7973 1.62378e-96
0 0.85736 0.542938 0.245714 0.82203 0.732232 1.11339 0.000129985
0 0.929292 0.49809 0.134409 2.33546 0.801628 1.06187 0.000205963
0 0.155421 0.668729 1.33185 2.54238 0.53759 24.0819 9.69069e-94
0 0.55845 0.542691 0.708229 0.504514 0.732614 3.17086 1.34911e-12
0 0.147334 0.879173 1.34437 0.313029 0.211961 22.3364 5.753e-87
0 0.824143 0.533543 0.29711 1.05076 0.746769 1.27367 3.10395e-05
0 0.725886 0.97168 0.449149 1.44173 0.0688205 0.59768 0.0130331
0 0.313126 0.524769 1.08783 0.855776 0.760346 10.1018 1.71909e-39
0 0.733862 0.75695 0.436807 2.88034 0.401082 0.951178 0.000553769
0 0.109158 0.249766 1.40344 1.65802 1.18587 36.9932 7.677e-144
0 0.667065 0.532787 0.540164 0.875781 0.747939 2.16043 1.12438e-08
0 0.869177 0.905328 0.227427 2.62236 0.171489 0.315391 0.162348
0 0.0586431 0.275003 1.4816 1.29084 1.14682 44.7421 6.55135e-174
0 0.47361 0.157945 0.839506 0.415519 1.32795 10.8906 1.49322e-42
0 0.0872567 0.191182 1.43733 2.27851 1.27652 40.7876 1.45037e-158
0 0.369009 0.162859 1.00136 3.09996 1.32034 13.9384 2.2269e-54
0 0.668251 0.0704625 0.53833 1.08922 1.46331 9.2965 2.29101e-36
0 0.46112 0.445697 0.858833 2.68332 0.882698 5.85182 5.33083e-23
0 0.116734 0.504031 1.39172 0.663637 0.792434 33.5529 1.71872e-130
0 0.00903905 0.913508 1.55836 3.13603 0.158833 48.7331 2.13601e-189
0 0.460404 0.420247 0.859941 0.373365 0.922077 6.22434 1.9111e-24
0 0.325573 0.338619 1.06857 2.80601 1.04838 12.709 1.31228e-49
0 0.0121719 0.064467 1.55351 1.38372 1.47259 48.7346 2.1074e-189
0 0.490638 0.778897 0.813158 0.154756 0.367123 2.74254 6.19561e-11
0 0.902775 0.581325 0.175441 1.50279 0.672835 0.843491 0.00144944
0 0.667094 0.138968 0.54012 2.03926 1.35731 7.88068 7.14509e-31
0 0.138942 0.0894287 1.35735 0.699002 1.43397 32.9995 2.41402e-128
0 0.541511 0.316145 0.73444 1.43902 1.08316 6.10103 5.75151e-24
0 0.352828 0.8532 1.0264 2.28983 0.25215 5.05156 6.79428e-20
0 0.100581 0.566822 1.41671 2.56646 0.695275 36.0593 3.23089e-140
0 0.319363 0.413487 1.07818 1.57399 0.932538 11.6484 1.71284e-45
0 0.330764 0.56023 1.06054 0.309069 0.705476 8.68006 5.65016e-34
0 0.986502 0.474726 0.0458859 2.4454 0.837779 1.00544 0.000341008
0 0.657201 0.407668 0.555428 2.93645 0.941541 3.16869 1.37548e-12
0 0.907044 0.0531416 0.168835 2.15855 1.49012 8.00418 2.37001e-31
0 0.825873 0.644889 0.294434 2.83495 0.574479 0.890651 0.000951045
0 0.142559 0.296223 1.35176 0.917348 1.11399 31.1799 2.77688e-121
0 0.0335577 0.419611 1.52042 2.46691 0.923062 47.3407 5.40427e-184
0 0.952945 0.328887 0.0978094 0.0588222 1.06344 2.00078 4.6822e-08
0 0.930157 0.67421 0.13307 0.0983841 0.529109 0.540138 0.0217939
0 0.915977 0.976776 0.155012 0.249554 0.0609348 0.193405 0.482839
0 0.250839 0.100218 1.18421 1.59355 1.41727 20.7157 1.11888e-80
0 0.047249 0.863614 1.49923 1.00736 0.236036 44.4682 7.57043e-173
0 0.737306 0.544261 0.431477 2.31486 0.730185 1.63915 1.18499e-06
0 0.0412953 0.521925 1.50845 0.101666 0.764746 46.3738 3.05173e-180
0 0.753895 0.19665 0.40581 1.92178 1.26806 5.45314 1.87873e-21
0 0.823957 0.528911 0.297399 1.73624 0.753937 1.29359 2.59804e-05
0 0.671642 0.422789 0.533082 0.362861 0.918144 2.88932 1.66928e-11
0 0.408918 0.498945 0.939607 0.551228 0.800304 6.55811 9.68525e-26
0 0.610601 0.221972 0.627535 1.88963 1.22888 6.74903 1.75894e-26
0 0.406944 0.0288991 0.942662 0.336977 1.52763 14.1263 4.15297e-55
0 0.180827 0.383182 1.29254 0.143292 0.97943 24.4963 2.39066e-95
0 0.877243 0.38071 0.214948 1.5424 0.983255 1.89178 1.24e-07
0 0.775072 0.902672 0.373041 2.40323 0.1756 0.535348 0.022747
0 0.719483 0.0928154 0.459056 1.45182 1.42873 8.36156 9.72688e-33
0 0.850322 0.401387 0.256603 0.965405 0.95126 1.86555 1.56749e-07
0 0.834151 0.0330123 0.281625 0.68083 1.52126 8.6197 9.68922e-34
0 0.683871 0.389539 0.51416 0.617513 0.969593 3.08502 2.90505e-12
0 0.276249 0.0524722 1.14489 2.58593 1.49115 19.3131 3.10037e-75
0 0.717334 0.262994 0.462381 0.566492 1.1654 4.46279 1.30858e-17
0 0.357467 0.0456813 1.01922 1.48083 1.50166 15.6019 7.80881e-61
0 0.508534 0.885686 0.785468 2.83504 0.201882 2.14463 1.29487e-08
0 0.20817 0.164749 1.25023 1.24521 1.31742 23.8811 5.83317e-93
0 0.0267639 0.25834 1.53093 0.999378 1.1726 47.9977 1.52499e-186
0 0.503426 0.658706 0.793371 2.64141 0.553098 3.16195 1.46092e-12
0 0.567898 0.269141 0.69361 0.102257 1.15589 6.49059 1.77063e-25
0 0.247822 0.898314 1.18888 2.0917 0.182343 9.55664 2.24171e-37
0 0.683121 0.709957 0.51532 3.13406 0.473796 1.32611 1.94278e-05
0 0.512338 0.136613 0.779581 0.80374 1.36096 10.4391 8.44181e-41
0 0.521851 0.227071 0.764861 1.93888 1.22099 8.31755 1.44132e-32
0 0.92862 0.931537 0.135449 2.46259 0.130936 0.206676 0.428852
0 0.504173 0.32445 0.792215 0.647489 1.07031 6.74085 1.89235e-26
0 0.725864 0.752587 0.449183 2.12736 0.407833 0.996423 0.000369624
0 0.578673 0.699231 0.676938 1.02217 0.490393 2.11511 1.6857e-08
0 0.17209 0.904304 1.30606 2.0302 0.173075 17.6907 6.12364e-69
0 0.926821 0.733776 0.138233 2.56791 0.43694 0.43402 0.0562494
0 0.614461 0.636503 0.621561 1.3687 0.587454 2.06819 2.56361e-08
0 0.420416 0.190227 0.921815 0.201 1.278 11.7227 8.8207e-46
0 0.0810276 0.68224 1.44697 1.18376 0.516685 38.9924 1.34129e-151
0 0.521459 0.607871 0.765468 2.86074 0.631758 3.21795 8.85754e-13
0 0.713018 0.421518 0.46906 2.44008 0.92011 2.54812 3.51995e-10
0 0.0668556 0.81347 1.4689 1.46864 0.313627 40.9373 3.80792e-159
0 0.551174 0.503577 0.719488 2.67186 0.793136 3.56829 3.87108e-14
0 0.775904 0.379299 0.371754 1.81939 0.985438 2.45223 8.2914e-10
0 0.0274744 0.702617 1.52983 1.87894 0.485154 47.5662 7.20399e-185
0 0.301376 0.368429 1.10601 1.33428 1.00226 13.5233 9.08501e-53
0 0.360963 0.594147 1.01381 1.76348 0.652994 6.98832 2.07362e-27
0 0.853678 0.0174879 0.25141 0.270236 1.54528 8.67805 5.75236e-34
0 0.832706 0.835449 0.283862 1.05645 0.279617 0.476989 0.0383161
0 0.169106 0.472478 1.31068 1.15298 0.841257 24.8722 8.31748e-97
0 0.267706 0.802917 1.15811 1.33195 0.329956 9.18989 5.93897e-36
0 0.420205 0.522006 0.922142 2.55034 0.76462 5.94954 2.22652e-23
0 0.978558 0.00429222 0.0581781 1.19121 1.5657 8.39976 6.91414e-33
0 0.739353 0.706259 0.428311 0.222271 0.479518 1.05592 0.000217217
0 0.311111 0.549036 1.09095 1.6415 0.722797 9.83993 1.78353e-38
0 0.821802 0.596929 0.300733 2.02937 0.64869 1.04997 0.000229078
0 0.922806 0.949352 0.144446 2.02395 0.103369 0.201868 0.447676
0 0.762824 0.0822231 0.391992 1.80964 1.44512 8.21319 3.66192e-32
0 0.247416 0.812021 1.18951 0.378961 0.315869 10.5127 4.37362e-41
0 0.501048 0.393514 0.79705 0.936548 0.963442 5.67688 2.54486e-22
0 0.0293844 0.591153 1.52688 2.54681 0.657626 47.5232 1.05853e-184
0 0.980473 0.92035 0.0552149 2.95605 0.148246 0.160262 0.64925
0 0.869129 0.33571 0.227502 2.46473 1.05288 2.31121 2.92297e-09
0 0.821116 0.637374 0.301795 1.14042 0.586107 0.928077 0.000680725
0 0.0121883 0.305606 1.55348 2.73896 1.09947 48.718 2.44489e-189
0 0.645831 0.912724 0.573021 3.04582 0.160046 1.03619 0.000259088
0 0.645079 0.579187 0.574185 2.05549 0.676143 2.08812 2.14552e-08
0 0.504066 0.656799 0.792381 2.25046 0.556049 3.1639 1.4357e-12
0 0.200845 0.190363 1.26157 1.62323 1.27779 24.4161 4.89657e-95
0 0.441408 0.978494 0.889334 2.25816 0.0582774 2.67367 1.14646e-10
0 0.428262 0.357174 0.909675 1.47776 1.01967 8.16682 5.54194e-32
0 0.0257251 0.188845 1.53254 0.301558 1.28014 48.0912 6.61417e-187
0 0.244771 0.162768 1.1936 0.484026 1.32049 20.6364 2.27279e-80
0 0.779587 0.277311 0.366055 2.01583 1.14325 3.62615 2.30852e-14
0 0.56743 0.35838 0.694335 0.467795 1.01781 4.94348 1.78459e-19
0 0.221536 0.633827 1.22955 2.37296 0.591596 15.3997 4.75409e-60
0 0.758068 0.793295 0.399352 1.74765 0.344844 0.775724 0.00265561
0 0.294715 0.783381 1.11632 2.56841 0.360183 7.84914 9.4704e-31
0 0.319754 0.160066 1.07757 2.79166 1.32467 16.0668 1.22555e-62
0 0.852093 0.664797 0.253863 0.100462 0.543674 0.756089 0.00316487
0 0.787648 0.0129317 0.353582 3.02335 1.55233 9.00769 3.02502e-35
0 0.776547 0.977539 0.370759 2.67422 0.0597554 0.440924 0.0528844
0 0.283868 0.265028 1.1331 1.74341 1.16226 16.4777 3.11751e-64
0 0.558212 0.753237 0.708598 0.563304 0.406827 2.09628 1.99459e-08
0 0.264569 0.431836 1.16296 0.907449 0.904145 14.9101 3.77469e-58
0 0.770291 0.11756 0.380439 1.36617 1.39044 7.30866 1.18481e-28
0 0.33171 0.272806 1.05907 0.77365 1.15022 13.6352 3.34303e-53
0 0.0797714 0.469044 1.44891 2.78634 0.846571 40.7459 2.10511e-158
0 0.972769 0.99612 0.0671351 0.627812 0.0310037 0.131578 0.838916
0 0.252912 0.605103 1.181 1.37363 0.636041 12.9029 2.3218e-50
0 0.324132 0.244219 1.0708 1.7493 1.19445 14.5314 1.11242e-56
0 0.0749966 0.743875 1.4563 1.97781 0.421313 39.7492 1.55226e-154
0 0.528872 0.0433776 0.753997 0.114484 1.50522 11.456 9.55357e-45
0 0.741556 0.478599 0.424902 0.829347 0.831786 1.95637 6.96224e-08
0 0.0655858 0.32537 1.47086 2.04759 1.06889 43.6543 1.09028e-169
0 0.584566 0.951031 0.667819 0.934625 0.100772 1.32753 1.91827e-05
0 0.173371 0.0781836 1.30408 3.07277 1.45137 28.3128 3.70547e-110
0 0.946479 0.700165 0.107815 3.09699 0.488948 0.456418 0.0460473
0 0.244969 0.56496 1.19329 0.468321 0.698156 14.2399 1.50508e-55
0 0.407297 0.196565 0.942116 3.04752 1.26819 12.0185 6.27331e-47
0 0.234399 0.785927 1.20965 0.570821 0.356244 11.9108 1.6426e-46
0 0.135964 0.459738 1.36196 0.279374 0.860972 30.521 1.00083e-118
0 0.629826 0.817473 0.597787 1.35089 0.307432 1.34332 1.66595e-05
0 0.961532 0.312854 0.0845238 0.0925097 1.08825 2.1176 1.6486e-08
0 0.0995703 0.672191 1.41827 1.16045 0.532234 35.1894 7.672e-137
0 0.734791 0.115366 0.43537 3.03616 1.39383 7.69317 3.81608e-30
0 0.939222 0.15623 0.119045 0.705774 1.3306 4.99944 1.08242e-19
0 0.897362 0.353638 0.183816 0.340122 1.02514 2.0162 4.07956e-08
0 0.963955 0.507603 0.0807738 2.20145 0.786907 0.9324 0.000654934
0 0.785266 0.0914826 0.357268 1.8287 1.43079 7.83157 1.10807e-30
0 0.585806 0.227503 0.6659 1.8634 1.22032 7.0474 1.2231e-27
0 0.0430254 0.595264 1.50577 0.0571861 0.651265 45.9935 9.12839e-179
0 0.118673 0.819976 1.38872 0.943304 0.303559 29.1672 1.79287e-113
0 0.304239 0.745481 1.10158 1.18148 0.418828 7.75077 2.2809e-30
0 0.81291 0.595922 0.314493 2.49502 0.650247 1.08636 0.000165492
0 0.463652 0.68808 0.854914 2.69693 0.507647 3.60015 2.91211e-14
0 0.40158 0.742305 0.950962 0.823289 0.423743 4.48658 1.05801e-17
0 0.885097 0.650914 0.202794 0.491427 0.565155 0.699288 0.00525736
0 0.38099 0.314315 0.982821 1.46446 1.08599 10.6519 1.26058e-41
0 0.151865 0.146725 1.33736 0.268819 1.34531 30.8843 3.89455e-120
0 0.379619 0.179763 0.984942 1.60326 1.29419 13.2722 8.56288e-52
0 0.335797 0.163675 1.05275 2.66371 1.31908 15.2764 1.43103e-59
0 0.785479 0.266025 0.356938 1.07518 1.16071 3.75725 7.15527e-15
0 0.329105 0.330524 1.0631 1.41646 1.06091 12.6784 1.72564e-49
0 0.151379 0.477962 1.33811 1.46523 0.832772 27.6259 1.7156e-107
0 0.312564 0.311937 1.0887 2.68873 1.08967 13.9187 2.65383e-54
0 0.630086 0.129914 0.597383 0.423923 1.37132 8.58386 1.33458e-33
0 0.326794 0.977661 1.06668 0.594221 0.0595663 5.13211 3.30825e-20
0 0.98086 0.178086 0.054616 1.49354 1.29678 4.18627 1.54817e-16
0 0.911525 0.116087 0.161902 0.898299 1.39272 6.33207 7.29827e-25
0 0.765771 0.0849431 0.387433 0.137641 1.44091 8.1311 7.62546e-32
0 0.067958 0.0614566 1.46719 2.17566 1.47725 43.8193 2.49587e-170
0 0.98496 0.670863 0.0482714 1.52069 0.534288 0.443077 0.0518768
0 0.212978 0.552352 1.24279 0.873615 0.717665 17.7065 5.31714e-69
0 0.0679068 0.232903 1.46727 0.802165 1.21196 43.5717 2.27978e-169
0 0.238845 0.844646 1.20277 2.80688 0.265386 10.8172 2.87905e-42
0 0.835306 0.660995 0.279839 2.37174 0.549557 0.816694 0.00184156
0 0.355047 0.0786463 1.02296 1.08033 1.45065 15.4735 2.45894e-60
0 0.583126 0.0735751 0.670047 1.49588 1.4585 10.2972 2.99901e-40
0 0.757074 0.23886 0.400889 0.454855 1.20274 4.50663 8.84503e-18
0 0.489111 0.362493 0.81552 0.342979 1.01144 6.42686 3.12893e-25
0 0.426927 0.904303 0.911741 2.96321 0.173077 3.16104 1.47289e-12
0 0.706716 0.805826 0.47881 2.29364 0.325453 0.958716 0.000517701
0 0.140909 0.303817 1.35431 1.67901 1.10223 31.3722 4.97878e-122
0 0.463524 0.751783 0.855112 2.6559 0.409077 3.25331 6.45789e-13
0 0.619764 0.99578 0.613355 2.87466 0.0315295 1.02511 0.000286063
0 0.308953 0.770053 1.09429 2.55304 0.380808 7.2915 1.38115e-28
0 0.631393 0.0100135 0.595362 2.00272 1.55685 10.2557 4.34403e-40
0 0.15006 0.273575 1.34015 2.64069 1.14903 30.2249 1.40965e-117
0 0.233301 0.0877908 1.21135 1.07666 1.4365 22.1413 3.28863e-86
0 0.60046 0.283306 0.643225 2.92663 1.13397 5.64863 3.27535e-22
0 0.0329694 0.537878 1.52133 1.71767 0.740061 47.2492 1.22443e-183
0 0.939932 0.984409 0.117946 1.7654 0.0491241 0.164344 0.625998
0 0.710057 0.904983 0.473642 2.78343 0.172025 0.754016 0.00322403
0 0.0462411 0.621052 1.50079 1.58487 0.611363 45.4895 8.244e-177
0 0.703141 0.354789 0.484343 3.11671 1.02336 3.27425 5.35618e-13
0 0.151674 0.706037 1.33765 0.317665 0.479861 24.1716 4.35163e-94
0 0.642773 0.13331 0.577753 1.71988 1.36607 8.33257 1.2603e-32
0 0.301961 0.405317 1.10511 1.84415 0.945179 12.8062 5.50616e-50
0 0.00742108 0.858927 1.56086 2.13714 0.243289 48.799 1.1852e-189
0 0.269004 0.306815 1.1561 2.09677 1.09759 16.7936 1.85414e-65
0 0.517571 0.471584 0.771483 3.10702 0.842641 4.38831 2.54595e-17
0 0.905824 0.702237 0.170722 2.94518 0.485741 0.535179 0.0227814
0 0.273697 0.734024 1.14884 1.62632 0.436556 9.58244 1.78016e-37
0 0.170697 0.718715 1.30822 0.734245 0.460245 20.7208 1.06938e-80
0 0.731193 0.438183 0.440936 0.350881 0.894324 2.28752 3.6121e-09
0 0.168383 0.372549 1.3118 1.34567 0.995883 26.3915 1.05754e-102
0 0.939588 0.999376 0.118478 1.08024 0.0259655 0.157861 0.663326
0 0.771303 0.891947 0.378873 2.71462 0.192195 0.561612 0.017989
0 0.330028 0.0599507 1.06168 2.71471 1.47958 16.5892 1.15202e-64
0 0.208648 0.800125 1.24949 2.86793 0.334276 14.308 8.18832e-56
0 0.113131 0.726908 1.39729 1.46888 0.447567 31.6248 5.21359e-123
0 0.371045 0.396015 0.99821 2.16632 0.959572 9.51069 3.37954e-37
0 0.826284 0.250019 0.293799 2.0528 1.18548 3.70223 1.16979e-14
0 0.0607312 0.375408 1.47837 0.504301 0.991458 44.1994 8.36212e-172
0 0.0830875 0.761718 1.44378 2.83342 0.393704 37.8648 3.18668e-147
0 0.787676 0.228675 0.353539 1.39055 1.2185 4.42172 1.88881e-17
0 0.77625 0.467241 0.371218 2.15636 0.849361 1.82159 2.32142e-07
0 0.0524482 0.76197 1.49119 1.86508 0.393314 43.9982 5.04656e-171
0 0.402104 0.573568 0.95015 2.12108 0.684837 5.8822 4.06366e-23
0 0.562965 0.101303 0.701244 1.41095 1.41559 10.1639 9.86223e-40
0 0.241344 0.473434 1.1989 0.0917718 0.839779 16.1457 6.05711e-63
0 0.71802 0.779906 0.461321 1.67556 0.36556 0.966412 0.0004833
0 0.979531 0.862008 0.056672 1.11086 0.238521 0.200649 0.45258
0 0.384391 0.941316 0.977559 1.88308 0.115805 3.80524 4.65984e-15
0 0.937563 0.221216 0.121611 0.337669 1.23005 3.49591 7.39103e-14
0 0.889574 0.6643 0.195867 2.98023 0.544444 0.655607 0.00776728
0 0.854019 0.408468 0.250883 0.588868 0.940303 1.80032 2.80732e-07
0 0.985054 0.636357 0.0481273 1.14896 0.58768 0.5142 0.0274781
0 0.704362 0.66388 0.482454 2.70351 0.545093 1.35459 1.50635e-05
0 0.624013 0.220867 0.606781 2.22797 1.23059 6.55963 9.5546e-26
0 0.599988 0.709952 0.643956 3.04084 0.473803 1.89012 1.25848e-07
0 0.189856 0.252278 1.27857 1.84612 1.18198 25.0266 2.09343e-97
0 0.657721 0.0284032 0.554624 0.195619 1.52839 9.89815 1.06014e-38
0 0.223273 0.683524 1.22686 2.12688 0.514698 14.4333 2.67317e-56
0 0.879152 0.710725 0.211993 0.266141 0.472608 0.57995 0.0152704
0 0.490633 0.959377 0.813165 1.05822 0.0878584 2.11931 1.62367e-08
0 0.162767 0.702824 1.32049 0.310025 0.484833 22.2767 9.80878e-87
0 0.944733 0.666063 0.110516 0.12187 0.541715 0.527339 0.0244343
0 0.968142 0.965859 0.0742946 2.36842 0.0778275 0.147671 0.726557
0 0.478452 0.616201 0.832015 2.83454 0.618868 3.81737 4.18125e-15
0 0.509139 0.252497 0.78453 2.99847 1.18164 8.05495 1.50577e-31
0 0.70796 0.352136 0.476887 0.472073 1.02747 3.25961 6.10455e-13
0 0.681786 0.00234314 0.517387 0.862955 1.56872 9.77474 3.19347e-38
0 0.339935 0.629818 1.04635 1.46037 0.597798 7.39566 5.44577e-29
0 0.0254116 0.0111219 1.53302 3.01689 1.55513 48.1385 4.33542e-187
0 0.0538157 0.279201 1.48907 1.52949 1.14032 45.3497 2.87464e-176
0 0.085503 0.943528 1.44004 0.811619 0.112381 35.4936 5.06412e-138
0 0.520046 0.273199 0.767654 2.53612 1.14961 7.37667 6.45314e-29
0 0.662814 0.466347 0.546742 0.594799 0.850744 2.62059 1.84211e-10
0 0.0353352 0.874129 1.51767 1.50787 0.219766 46.3272 4.63164e-180
0 0.981489 0.6356 0.0536432 1.06616 0.588852 0.522442 0.0255272
0 0.146603 0.622061 1.3455 1.83629 0.609802 26.3796 1.17678e-102
0 0.680928 0.384841 0.518713 1.87921 0.976863 3.16063 1.47822e-12
0 0.376552 0.554515 0.989688 1.60061 0.714318 6.90376 4.41425e-27
0 0.443839 0.598173 0.885572 1.25507 0.646764 4.61629 3.32042e-18
0 0.452019 0.709222 0.872915 2.45775 0.474934 3.67449 1.49881e-14
0 0.991994 0.994259 0.0373884 1.88532 0.0338827 0.118796 0.940412
0 0.412036 0.868148 0.934783 3.05525 0.22902 3.5789 3.52098e-14
0 0.861222 0.218382 0.239738 2.58508 1.23443 4.03831 5.80734e-16
0 0.0316527 0.229035 1.52337 1.95886 1.21795 47.6573 3.19381e-185
0 0.330277 0.954572 1.06129 0.429896 0.0952924 5.14676 2.90217e-20
0 0.10115 0.00190577 1.41583 1.96651 1.56939 38.9396 2.15099e-151
0 0.601541 0.980067 0.641553 0.746082 0.0558424 1.1595 8.60936e-05
0 0.601775 0.558726 0.641191 0.351199 0.707803 2.58339 2.56846e-10
0 0.419567 0.893032 0.92313 0.918112 0.190517 3.33265 3.17843e-13
0 0.637932 0.861453 0.585243 2.85745 0.23938 1.18797 6.67555e-05
0 0.230558 0.119541 1.21559 0.513206 1.38737 22.1669 2.61544e-86
0 0.0218085 0.762972 1.5386 1.90252 0.391764 48.0087 1.38194e-186
0 0.982043 0.389082 0.0527849 0.56325 0.9703 1.45156 6.33319e-06
0 0.875965 0.0390694 0.216924 3.04252 1.51189 8.36483 9.44718e-33
0 0.948443 0.953325 0.104776 1.02832 0.0972224 0.171901 0.585125
0 0.580648 0.85226 0.673882 1.93919 0.253605 1.59287 1.79186e-06
0 0.279308 0.932288 1.14016 2.28978 0.129773 7.34886 8.27354e-29
0 0.936977 0.955239 0.122518 2.9823 0.0942608 0.182547 0.532029
0 0.959959 0.457904 0.0869576 0.924762 0.863808 1.14838 9.50831e-05
0 0.665652 0.680659 0.542352 2.3308 0.51913 1.52419 3.30985e-06
0 0.0934407 0.429675 1.42776 2.03844 0.907489 38.5629 6.2293e-150
0 0.178217 0.157619 1.29658 3.00332 1.32845 27.3019 3.10284e-106
0 0.224587 0.424639 1.22483 1.57094 0.915281 18.6319 1.36365e-72
0 0.705452 0.854836 0.480768 0.403765 0.249619 0.863084 0.00121667
0 0.517206 0.102883 0.772048 2.50047 1.41315 10.9383 9.7558e-43
0 0.324138 0.626718 1.07079 2.63484 0.602595 8.12283 8.21002e-32
0 0.440085 0.447205 0.891382 3.06186 0.880364 6.36717 5.33367e-25
0 0.905119 0.460841 0.171814 2.34521 0.859264 1.30199 2.41017e-05
0 0.507224 0.668298 0.787493 1.58674 0.538256 3.05612 3.76077e-12
0 0.200406 0.274228 1.26225 1.1062 1.14802 23.537 1.26228e-91
0 0.116577 0.47368 1.39196 1.38722 0.839398 33.9032 7.51444e-132
0 0.289511 0.592719 1.12437 2.31178 0.655204 10.4526 7.47644e-41
0 0.35432 0.778877 1.02409 2.37776 0.367153 5.5055 1.17675e-21
0 0.769283 0.0444129 0.381999 0.364686 1.50362 8.83492 1.41629e-34
0 0.953539 0.45067 0.096891 1.03064 0.875003 1.20049 5.96878e-05
0 0.441074 0.29004 0.889851 0.947592 1.12355 9.0682 1.76163e-35
0 0.849512 0.688314 0.257857 1.55916 0.507285 0.70695 0.00490948
0 0.887204 0.696797 0.199534 2.72191 0.494159 0.58927 0.0140502
0 0.823672 0.864519 0.297839 1.52972 0.234635 0.458048 0.0453815
0 0.240744 0.639858 1.19983 2.44197 0.582264 13.4144 2.40384e-52
0 0.420949 0.636468 0.92099 0.270897 0.587509 4.8085 5.9608e-19
0 0.665689 0.596123 0.542294 0.261872 0.649936 1.85459 1.72861e-07
0 0.761815 0.0246888 0.393554 1.58443 1.53414 9.08923 1.45988e-35
0 0.560951 0.829995 0.70436 2.14062 0.288056 1.81577 2.44548e-07
0 0.893537 0.825827 0.189736 0.898367 0.294505 0.360677 0.108323
0 0.278754 0.159735 1.14101 0.815665 1.32518 18.3079 2.46717e-71
0 0.494744 0.01719 0.806804 1.35388 1.54574 12.1882 1.37766e-47
0 0.167615 0.00953001 1.31298 0.980786 1.5576 29.1683 1.77459e-113
0 0.155143 0.85294 1.33228 2.61212 0.252553 21.2813 7.144e-83
0 0.0454559 0.122348 1.50201 0.34615 1.38303 46.4735 1.2529e-180
0 0.215369 0.621713 1.23909 0.276466 0.61034 16.2722 1.95543e-63
0 0.590608 0.0303025 0.658471 0.873881 1.52546 10.6474 1.31235e-41
0 0.69636 0.927321 0.494836 1.24312 0.137459 0.772781 0.00272636
0 0.205845 0.658513 1.25383 1.17491 0.553398 16.7827 2.04396e-65
0 0.555119 0.416699 0.713384 1.84363 0.927566 4.3757 2.84937e-17
0 0.0806693 0.815313 1.44752 2.55599 0.310774 37.9102 2.12312e-147
0 0.580083 0.754152 0.674756 2.89393 0.405411 1.89738 1.17946e-07
0 0.687622 0.178846 0.508355 1.03337 1.29561 6.6445 4.47606e-26
0 0.56538 0.705695 0.697507 1.53094 0.480392 2.21323 7.01556e-09
0 0.486549 0.881667 0.819486 1.26352 0.208102 2.40458 1.26917e-09
0 0.953817 0.521252 0.0964612 0.93812 0.765787 0.908102 0.000813735
0 0.510545 0.264569 0.782355 1.84022 1.16296 7.76858 1.94536e-30
0 0.599378 0.474006 0.644901 2.93779 0.838894 3.20418 1.00171e-12
0 0.345576 0.783355 1.03762 0.627253 0.360225 5.75384 1.27939e-22
0 0.187866 0.182377 1.28165 1.43898 1.29014 25.9494 5.49462e-101
0 0.699347 0.34845 0.490213 1.58627 1.03317 3.38446 2.00068e-13
0 0.285134 0.618772 1.13114 0.743508 0.614891 10.3521 1.83646e-40
0 0.923177 0.164934 0.143871 1.97088 1.31713 4.8639 3.63364e-19
0 0.101304 0.93018 1.41559 3.05966 0.133035 31.7599 1.5583e-123
0 0.317227 0.914395 1.08148 0.970309 0.15746 5.83189 6.37002e-23
0 0.280283 0.857094 1.13865 2.21202 0.246124 7.92026 5.01659e-31
0 0.890359 0.112121 0.194652 2.00451 1.39885 6.57441 8.37294e-26
0 0.0284304 0.219271 1.52835 2.02762 1.23306 47.9001 3.64809e-186
0 0.43115 0.253351 0.905207 1.30599 1.18032 10.1235 1.41599e-39
0 0.275434 0.0530894 1.14615 0.50282 1.4902 19.3591 2.05526e-75
0 0.562672 0.787131 0.701697 3.09057 0.354382 1.93658 8.30891e-08
0 0.434045 0.767499 0.900727 0.567723 0.384758 3.66887 1.57597e-14
0 0.888764 0.76174 0.19712 0.559233 0.39367 0.463895 0.0430716
0 0.5833 0.675536 0.669779 2.62136 0.527058 2.17128 1.0205e-08
0 0.300492 0.66223 1.10738 1.68251 0.547646 8.87323 1.00574e-34
0 0.85796 0.197568 0.244785 2.31622 1.26664 4.51162 8.45977e-18
0 0.916141 0.155449 0.154759 0.659912 1.33181 5.16548 2.45517e-20
0 0.366819 0.234951 1.00475 1.84428 1.20879 12.7688 7.69259e-50
0 0.739591 0.2964 0.427943 1.52924 1.11371 3.69081 1.29547e-14
0 0.487174 0.362665 0.818518 0.116356 1.01118 6.46949 2.13798e-25
0 0.551056 0.00390757 0.719671 3.1314 1.5663 11.2834 4.46724e-44
0 0.880313 0.302908 0.210197 0.856621 1.10364 2.59927 2.2286e-10
0 0.283854 0.368335 1.13312 0.959035 1.0024 14.6544 3.70757e-57
0 0.527084 0.973124 0.756764 2.1819 0.0665865 1.72518 5.4937e-07
0 0.317342 0.0625794 1.08131 1.44559 1.47551 17.1291 9.25396e-67
0 0.456749 0.788186 0.865596 0.601466 0.35275 3.18249 1.21595e-12
0 0.165384 0.669967 1.31644 1.29738 0.535675 22.3625 4.55537e-87
0 0.450053 0.468541 0.875956 0.288893 0.847349 5.82443 6.80886e-23
0 0.942383 0.746095 0.114154 0.206738 0.417878 0.385763 0.0865711
0 0.806398 0.475012 0.324569 0.783984 0.837336 1.62475 1.34772e-06
0 0.743883 0.538469 0.421301 2.89023 0.739147 1.62942 1.29261e-06
0 0.44263 0.601586 0.887442 2.37901 0.641483 4.61335 3.40878e-18
0 0.960089 0.613868 0.0867563 0.631737 0.622478 0.615983 0.0110669
0 0.43943 0.287286 0.892395 1.5941 1.12781 9.17355 6.87273e-36
0 0.609558 0.739303 0.629148 1.92688 0.428387 1.71223 6.16806e-07
0 0.978768 0.145632 0.0578536 3.05375 1.347 5.07057 5.73276e-20
0 0.691596 0.577167 0.502207 1.31525 0.679268 1.76475 3.85766e-07
0 0.148368 0.0875845 1.34277 0.11043 1.43682 31.6311 4.92666e-123
0 0.694073 0.524903 0.498375 0.296491 0.760138 2.00589 4.4733e-08
0 0.802951 0.988011 0.329903 0.455004 0.0435516 0.368035 0.10143
0 0.223546 0.0727914 1.22644 2.10577 1.45971 23.0405 1.06595e-89
0 0.456957 0.828218 0.865274 0.603591 0.290806 3.00126 6.14003e-12
0 0.968049 0.961904 0.0744394 1.17221 0.0839477 0.149581 0.714266
0 0.848308 0.455428 0.259719 3.10697 0.867641 1.54282 2.80233e-06
0 0.442914 0.698883 0.887003 2.19893 0.490931 3.90221 1.95938e-15
0 0.902782 0.821063 0.175429 1.14604 0.301878 0.349991 0.119175
0 0.0765739 0.0594851 1.45386 0.320093 1.4803 42.6215 1.10952e-165
0 0.287779 0.406685 1.12705 1.14837 0.943063 13.6878 2.08982e-53
0 0.899769 0.937322 0.180092 1.35229 0.121985 0.239586 0.319597
0 0.0148399 0.416112 1.54938 1.58476 0.928476 48.6018 6.90733e-189
0 0.517235 0.912382 0.772003 1.1121 0.160575 1.97657 5.81267e-08
0 0.315098 0.952104 1.08478 2.52313 0.0991108 5.67484 2.59161e-22
0 0.847826 0.492349 0.260466 2.55557 0.810511 1.35969 1.43925e-05
0 0.00921126 0.504552 1.55809 1.77867 0.791628 48.786 1.33185e-189
0 0.380897 0.276577 0.982965 0.116555 1.14438 11.4015 1.55524e-44
0 0.485914 0.536026 0.820467 1.81935 0.742927 4.32664 4.41716e-17
0 0.784912 0.947746 0.357815 2.03935 0.105854 0.451879 0.0479531
0 0.0363118 0.332752 1.51616 3.06508 1.05746 47.1812 2.24829e-183
0 0.448074 0.0900368 0.879019 2.56027 1.43303 12.5919 3.73603e-49
0 0.161261 0.106025 1.32282 2.3872 1.40829 29.7753 7.8321e-116
0 0.673526 0.383787 0.530167 2.64097 0.978493 3.24428 7.00073e-13
0 0.0153829 0.792648 1.54854 0.73211 0.345845 48.4482 2.72362e-188
0 0.531669 0.520774 0.749669 2.2865 0.766527 3.7039 1.15244e-14
0 0.882811 0.12173 0.206331 1.38867 1.38399 6.34457 6.52727e-25
0 0.885042 0.919115 0.202879 2.03561 0.150157 0.276082 0.230666
0 0.744213 0.745846 0.420791 2.4591 0.418264 0.934246 0.00064422
0 0.5741 0.828674 0.684013 1.18319 0.2901 1.71036 6.27157e-07
0 0.775603 0.417093 0.372218 0.798705 0.926958 2.15149 1.21793e-08
0 0.164435 0.725576 1.31791 0.689688 0.449628 21.6358 3.01002e-84
0 0.294148 0.0540862 1.1172 2.23264 1.48865 18.3066 2.49527e-71
0 0.964846 0.10272 0.0793951 0.720367 1.4134 6.45064 2.53007e-25
0 0.425854 0.321035 0.913402 2.15515 1.07559 8.92498 6.33396e-35
0 0.0473557 0.540107 1.49907 2.64933 0.736612 45.5677 4.1011e-177
0 0.693236 0.539252 0.49967 0.507726 0.737935 1.93604 8.34949e-08
0 0.566915 0.56274 0.695132 1.08735 0.701592 2.93324 1.12752e-11
0 0.188152 0.335493 1.28121 0.707163 1.05322 24.2001 3.3709e-94
0 0.805524 0.898214 0.32592 3.10467 0.182497 0.458778 0.0450864
0 0.461547 0.149732 0.858172 0.741518 1.34066 11.3403 2.6868e-44
0 0.759843 0.530721 0.396605 0.119511 0.751136 1.57991 2.01186e-06
0 0.100334 0.27335 1.41709 2.26621 1.14938 38.3383 4.63321e-149
0 0.106095 0.703385 1.40818 2.32451 0.483965 33.4382 4.78981e-130
0 0.805183 0.15366 0.32645 1.4172 1.33458 6.04479 9.50654e-24
0 0.218301 0.746637 1.23456 0.813654 0.417039 14.013 1.14281e-54
0 0.039008 0.330579 1.51198 2.32593 1.06082 46.9261 2.19638e-182
0 0.45702 0.986445 0.865176 1.80829 0.045974 2.43834 9.38725e-10
0 0.466309 0.351536 0.850803 0.760878 1.0284 7.17956 3.7553e-28
0 0.617003 0.696057 0.617628 2.78087 0.495305 1.80714 2.64142e-07
0 0.975868 0.403759 0.0623404 2.11815 0.947589 1.38206 1.17845e-05
0 0.822865 0.910682 0.299088 2.30044 0.163206 0.402506 0.0745426
0 0.941551 0.35452 0.11544 2.89782 1.02378 1.82922 2.16846e-07
0 0.938305 0.547036 0.120463 1.69314 0.72589 0.858869 0.00126336
0 0.315864 0.350954 1.08359 0.13427 1.0293 13.0033 9.46327e-51
0 0.933661 0.879458 0.12765 0.0620074 0.211519 0.240485 0.31704
0 0.0169952 0.485144 1.54605 2.36201 0.82166 48.4829 1.99851e-188
0 0.719571 0.104335 0.45892 1.27208 1.4109 8.10436 9.68326e-32
0 0.866186 0.809488 0.232057 2.1416 0.319787 0.437931 0.0543177
0 0.320001 0.612381 1.07719 2.38891 0.62478 8.49871 2.8561e-33
0 0.260592 0.743392 1.16912 2.9126 0.422061 10.3563 1.76833e-40
0 0.536832 0.800795 0.74168 0.842627 0.333238 2.13311 1.43532e-08
0 0.318615 0.0790696 1.07934 1.50799 1.45 16.9644 4.02926e-66
0 0.269641 0.386397 1.15512 3.01045 0.974454 15.3406 8.06435e-60
0 0.499393 0.625141 0.799611 0.849804 0.605036 3.42322 1.4151e-13
0 0.533863 0.664558 0.746274 1.66357 0.544044 2.73854 6.42132e-11
0 0.53749 0.31351 0.740662 2.94172 1.08724 6.22827 1.84508e-24
0 0.639181 0.453463 0.583312 2.13777 0.870681 2.9435 1.02869e-11
0 0.513087 0.777456 0.778422 1.33564 0.369352 2.47408 6.821e-10
0 0.542803 0.150542 0.732441 0.201545 1.3394 9.56038 2.16801e-37
0 0.797857 0.698046 0.337784 2.60816 0.492226 0.846824 0.00140692
0 0.568831 0.37109 0.692167 2.90273 0.99814 4.73951 1.10413e-18
0 0.293225 0.526256 1.11862 0.215631 0.758045 11.2474 6.16294e-44
0 0.0193972 0.952936 1.54233 0.977896 0.0978245 48.0496 9.59152e-187
0 0.663846 0.23183 0.545146 2.38658 1.21362 5.73675 1.49052e-22
0 0.954213 0.864249 0.0958481 1.39631 0.235053 0.227652 0.355557
0 0.419918 0.819635 0.922587 1.88423 0.304087 3.66164 1.68115e-14
0 0.346628 0.940914 1.03599 2.53638 0.116426 4.73156 1.1854e-18
0 0.58005 0.953524 0.674807 2.4193 0.0969151 1.35331 1.52368e-05
0 0.305385 0.250387 1.09981 0.712488 1.18491 15.4252 3.78399e-60
0 0.0818622 0.548712 1.44567 2.72392 0.723297 39.8495 6.33422e-155
0 0.0960611 0.752009 1.4237 1.72194 0.408727 35.0891 1.87953e-136
0 0.676866 0.17659 0.524999 1.19557 1.2991 6.83782 7.95634e-27
0 0.673766 0.518707 0.529797 0.614863 0.769726 2.18888 8.72034e-09
0 0.365997 0.0632907 1.00602 0.169048 1.47441 15.1988 2.86144e-59
0 0.632796 0.0802839 0.59319 2.1765 1.44812 9.53752 2.6592e-37
0 0.628784 0.921688 0.599399 2.83655 0.146176 1.11225 0.000131312
0 0.916182 0.0492426 0.154695 1.06447 1.49615 8.04682 1.61922e-31
0 0.69028 0.251401 0.504244 0.870739 1.18334 4.99294 1.14716e-19
0 0.264164 0.636476 1.16359 2.78767 0.587497 11.5392 4.5438e-45
0 0.0864399 0.375556 1.43859 0.23809 0.99123 40.1303 5.1519e-156
0 0.154528 0.79822 1.33324 2.6612 0.337224 22.2256 1.54785e-86
0 0.470403 0.743676 0.844469 0.367633 0.421622 3.18841 1.15326e-12
0 0.45863 0.17303 0.862685 2.05029 1.30461 10.9736 7.11274e-43
0 0.135669 0.746963 1.36242 0.161548 0.416535 26.6151 1.43441e-103
0 0.893918 0.573103 0.189146 1.57381 0.685557 0.893914 0.000923717
0 0.90084 0.917181 0.178434 0.714535 0.15315 0.253865 0.281315
0 0.307254 0.300603 1.09692 2.86158 1.10721 14.4294 2.76951e-56
0 0.892701 0.985943 0.191028 1.3318 0.0467516 0.216357 0.393315
0 0.240676 0.261388 1.19994 2.44064 1.16789 19.7419 6.72496e-77
0 0.546057 0.476158 0.727405 3.01154 0.835563 3.88606 2.2634e-15
0 0.14961 0.287075 1.34085 1.30253 1.12814 30.1675 2.35516e-117
0 0.376702 0.130439 0.989456 2.77743 1.37051 14.1348 3.85022e-55
0 0.3182 0.956667 1.07998 0.607117 0.0920516 5.5374 8.8492e-22
0 0.421814 0.235833 0.919652 2.20316 1.20743 10.776 4.15842e-42
0 0.505315 0.180899 0.790448 0.837656 1.29243 9.68904 6.86781e-38
0 0.323143 0.892563 1.07233 0.628986 0.191242 5.75949 1.2164e-22
0 0.531042 0.0536965 0.750639 1.30049 1.48926 11.3311 2.91665e-44
0 0.470673 0.2789 0.844051 1.70983 1.14079 8.45745 4.12919e-33
0 0.322645 0.325338 1.0731 1.01529 1.06893 13.1156 3.46883e-51
0 0.855329 0.87531 0.248856 1.90192 0.217938 0.374034 0.0961365
0 0.081189 0.405906 1.44672 0.847486 0.944268 40.8581 7.72344e-159
0 0.21135 0.342457 1.24531 0.405588 1.04244 21.3713 3.19817e-83
0 0.142827 0.166678 1.35134 1.13031 1.31444 32.0975 7.63172e-125
0 0.944407 0.909991 0.111022 1.96564 0.164275 0.203265 0.442124
0 0.99701 0.335466 0.0296272 2.17198 1.05326 1.78624 3.18373e-07
0 0.291167 0.944685 1.12181 2.67471 0.110591 6.68934 2.99834e-26
0 0.322475 0.701659 1.07336 2.69062 0.486636 7.35765 7.64814e-29
0 0.0916119 0.282124 1.43059 1.96988 1.1358 39.7433 1.636e-154
0 0.369669 0.498711 1.00034 2.58838 0.800667 7.8985 6.09326e-31
0 0.1707 0.893116 1.30821 2.1055 0.190386 18.0663 2.13611e-70
0 0.432947 0.86733 0.902427 2.63816 0.230286 3.21279 9.27555e-13
0 0.816761 0.111296 0.308534 0.713876 1.40013 7.09428 8.04562e-28
0 0.966604 0.916046 0.0766754 2.32142 0.154905 0.175751 0.565336
0 0.11328 0.213316 1.39706 2.12621 1.24227 36.5052 6.0099e-142
0 0.982556 0.556946 0.0519924 2.12182 0.710557 0.724449 0.00419887
0 0.266973 0.31269 1.15925 2.67622 1.0885 16.8422 1.20081e-65
0 0.333719 0.701059 1.05597 1.66554 0.487564 6.89463 4.78946e-27
0 0.806167 0.448465 0.324926 2.1774 0.878414 1.77572 3.49762e-07
0 0.751019 0.226096 0.410258 2.17934 1.2225 4.82644 5.07831e-19
0 0.982316 0.325642 0.052363 1.19477 1.06846 1.92036 9.6052e-08
0 0.478215 0.734126 0.832381 2.74265 0.436399 3.12006 2.12403e-12
0 0.550455 0.364601 0.7206 2.13336 1.00818 5.14307 2.99954e-20
0 0.197003 0.81386 1.26751 0.119133 0.313022 15.5022 1.90237e-60
0 0.969321 0.381903 0.0724711 0.109232 0.981409 1.53677 2.95791e-06
0 0.079793 0.934795 1.44888 2.59357 0.125894 36.9816 8.52019e-144
0 0.170637 0.229981 1.30831 0.323803 1.21648 27.6895 9.71622e-108
0 0.575866 0.530954 0.681281 2.78544 0.750776 3.04299 4.2291e-12
0 0.161741 0.131748 1.32208 0.774867 1.36848 29.5904 4.08662e-115
0 0.979469 0.324486 0.0567685 2.88181 1.07025 1.94085 7.99797e-08
0 0.906859 0.612147 0.169122 2.93438 0.625142 0.743655 0.00353677
0 0.433963 0.395159 0.900853 2.9545 0.960898 7.3337 9.47306e-29
0 0.122235 0.117326 1.3832 0.0965428 1.3908 35.469 6.30918e-138
0 0.557468 0.0842546 0.709748 1.06858 1.44197 10.5281 3.81019e-41
0 0.46393 0.645761 0.854485 2.48559 0.573129 3.86482 2.73638e-15
0 0.600022 0.064922 0.643904 1.43533 1.47189 10.1838 8.25845e-40
0 0.838945 0.122185 0.274207 2.93454 1.38328 6.63357 4.93528e-26
0 0.914188 0.198211 0.15778 2.42392 1.26564 4.10903 3.08701e-16
0 0.820379 0.226839 0.302936 2.40554 1.22135 4.17963 1.64286e-16
0 0.663026 0.64752 0.546415 0.530772 0.570407 1.66082 9.76362e-07
0 0.883954 0.433717 0.204563 0.559678 0.901235 1.52034 3.42571e-06
0 0.0983077 0.0999243 1.42023 1.09911 1.41773 39.2858 9.75593e-153
0 0.0826207 0.968086 1.4445 2.04593 0.0743819 35.9508 8.51913e-140
0 0.599857 0.554906 0.644159 2.9013 0.713713 2.62549 1.76317e-10
0 0.989016 0.786307 0.0419954 1.34009 0.355657 0.26236 0.260752
0 0.984931 0.798497 0.0483173 2.917 0.336795 0.253884 0.281266
0 0.589819 0.691147 0.659691 0.801779 0.502902 2.04829 3.06253e-08
0 0.434902 0.394712 0.899401 2.40549 0.961589 7.31347 1.13496e-28
0 0.442843 0.550382 0.887114 1.63104 0.720714 5.07572 5.47513e-20
0 0.657285 0.0713325 0.555298 2.02288 1.46197 9.4004 9.05376e-37
0 0.663849 0.657347 0.545141 1.82348 0.555202 1.61858 1.42403e-06
0 0.107767 0.250075 1.40559 0.346153 1.18539 37.2227 9.87799e-145
0 0.797651 0.665103 0.338104 0.957621 0.543201 0.933477 0.000648659
0 0.1347 0.486885 1.36392 0.650906 0.818965 30.4138 2.60707e-118
0 0.676881 0.74935 0.524976 2.70862 0.412842 1.24722 3.93149e-05
0 0.54923 0.733249 0.722496 2.20447 0.437756 2.26058 4.59508e-09
0 0.109638 0.772145 1.4027 1.71022 0.37757 31.8154 9.49109e-124
0 0.444687 0.802066 0.88426 0.818154 0.331271 3.31031 3.88089e-13
0 0.995376 0.137436 0.0321548 1.22671 1.35968 5.22384 1.45757e-20
0 0.95502 0.827861 0.0945994 0.0630591 0.291359 0.261225 0.26341
0 0.175483 0.660287 1.30081 2.18857 0.550653 20.9099 1.97298e-81
0 0.0121721 0.715887 1.55351 0.761615 0.464621 48.6431 4.77524e-189
0 0.930093 0.582011 0.13317 1.19072 0.671773 0.770587 0.00278035
0 0.38685 0.936245 0.973754 3.1137 0.123651 3.77551 6.07806e-15
0 0.161907 0.260203 1.32182 2.6803 1.16972 28.6084 2.64076e-111
0 0.700466 0.659874 0.488482 2.29806 0.551293 1.38933 1.10435e-05
0 0.465853 0.168195 0.851509 2.42269 1.31209 10.8833 1.59469e-42
0 0.288968 0.353094 1.12521 2.873 1.02599 14.5917 6.4936e-57
0 0.918095 0.133738 0.151735 1.28645 1.3654 5.77182 1.08957e-22
0 0.0827175 0.201446 1.44435 2.26794 1.26064 41.461 3.53615e-161
0 0.156659 0.0517939 1.32994 3.04266 1.4922 30.565 6.75465e-119
0 0.760189 0.39183 0.396069 1.48012 0.966047 2.44933 8.50876e-10
0 0.387298 0.335051 0.97306 0.235893 1.05391 10.0025 4.17313e-39
0 0.00959756 0.744878 1.55749 0.0982482 0.419761 48.7412 1.98666e-189
0 0.482288 0.940542 0.826078 0.947283 0.117002 2.26757 4.31692e-09
0 0.75612 0.302167 0.402367 0.344049 1.10479 3.46004 1.01837e-13
0 0.885317 0.0400811 0.202454 3.00159 1.51032 8.3143 1.48372e-32
0 0.337221 0.639465 1.05055 1.22273 0.582872 7.39852 5.30853e-29
0 0.0762278 0.388536 1.45439 0.968686 0.971145 41.7714 2.20779e-162
0 0.185327 0.160868 1.28558 2.04673 1.32343 26.4183 8.32204e-103
0 0.601444 0.478023 0.641704 2.6753 0.832678 3.1475 1.66216e-12
0 0.924337 0.251509 0.142077 0.959723 1.18317 3.05051 3.9543e-12
0 0.73765 0.0951994 0.430946 1.15551 1.42504 8.14085 6.98925e-32
0 0.169556 0.944759 1.30998 2.73213 0.110477 17.5205 2.80248e-68
0 0.79335 0.664379 0.344758 2.21021 0.544321 0.951331 0.000553013
0 0.0817301 0.0752789 1.44588 1.89036 1.45586 41.8563 1.03419e-162
0 0.664229 0.687259 0.544554 3.12172 0.508917 1.51069 3.73411e-06
0 0.0543974 0.574803 1.48817 0.486578 0.682926 44.449 8.98944e-173
0 0.99696 0.200046 0.0297045 2.3122 1.2628 3.60081 2.89509e-14
0 0.265198 0.710456 1.16199 2.19519 0.473023 10.445 8.00186e-41
0 0.484285 0.739792 0.822989 1.54297 0.427631 3.00532 5.92095e-12
0 0.459482 0.136857 0.861367 1.68528 1.36058 11.6199 2.20944e-45
0 0.0391946 0.605109 1.5117 0.341444 0.636033 46.4505 1.53796e-180
0 0.332112 0.663022 1.05845 0.971483 0.54642 7.35211 8.03617e-29
0 0.675309 0.806394 0.527408 2.29768 0.324574 1.10998 0.000134008
0 0.392039 0.493939 0.965724 0.873112 0.80805 7.16243 4.37612e-28
0 0.828165 0.932667 0.290888 2.61643 0.129187 0.367218 0.102173
0 0.562948 0.554855 0.70127 0.920489 0.713792 3.0319 4.66947e-12
0 0.0210602 0.0214051 1.53976 0.881873 1.53922 48.3792 5.04697e-188
0 0.496668 0.0273057 0.803827 1.78865 1.53009 12.1152 2.64385e-47
0 0.20955 0.177967 1.2481 2.62359 1.29697 23.6229 5.85481e-92
0 0.760243 0.71581 0.395986 1.99177 0.464739 0.942996 0.000595772
0 0.941895 0.750556 0.114908 0.236957 0.410975 0.379734 0.0913632
0 0.422973 0.628973 0.917859 0.0519309 0.599106 4.82303 5.23551e-19
0 0.786451 0.375641 0.355433 0.757747 0.991098 2.4161 1.1451e-09
0 0.986724 0.356941 0.0455422 0.38439 1.02003 1.65352 1.04221e-06
0 0.0825376 0.347967 1.44463 2.12335 1.03392 40.9272 4.16828e-159
0 0.578577 0.440806 0.677086 2.95916 0.890265 3.76862 6.46368e-15
0 0.424653 0.079796 0.915259 2.49899 1.44887 13.2958 6.93635e-52
0 0.49912 0.306171 0.800034 0.668551 1.09859 7.19999 3.12867e-28
0 0.0387 0.293677 1.51246 2.79458 1.11792 46.9967 1.16865e-182
0 0.536023 0.858751 0.742932 0.895135 0.243561 1.95293 7.1801e-08
0 0.682651 0.392535 0.516048 1.99642 0.964957 3.06685 3.41688e-12
0 0.332451 0.822069 1.05793 1.91914 0.30032 5.9165 2.99115e-23
0 0.796608 0.908892 0.339717 0.587598 0.165975 0.468051 0.0415015
0 0.205318 0.306144 1.25465 2.37096 1.09863 22.5634 7.56935e-88
0 0.922462 0.819515 0.144978 2.95674 0.304272 0.318534 0.157852
0 0.838513 0.0443483 0.274876 1.98292 1.50372 8.44802 4.49221e-33
0 0.54886 0.648634 0.723068 2.88756 0.568684 2.64686 1.45672e-10
0 0.960168 0.79986 0.0866339 0.787407 0.334686 0.285027 0.212947
0 0.0757019 0.0870664 1.45521 0.707078 1.43762 42.7213 4.54787e-166
0 0.387901 0.0874109 0.972128 2.43701 1.43709 14.275 1.10013e-55
0 0.118091 0.751725 1.38962 0.742436 0.409167 30.225 1.40891e-117
0 0.897421 0.477738 0.183726 1.69872 0.833118 1.24789 3.90824e-05
0 0.617418 0.438733 0.616986 2.98238 0.893472 3.30475 4.07836e-13
0 0.418403 0.401429 0.92493 0.786627 0.951195 7.70556 3.41614e-30
0 0.0803969 0.524369 1.44794 1.9003 0.760965 40.2871 1.26935e-156
0 0.795235 0.77662 0.341842 1.36967 0.370646 0.682156 0.00612699
0 0.844446 0.244196 0.265695 1.40249 1.19449 3.67015 1.55815e-14
0 0.77134 0.625367 0.378816 2.83119 0.604685 1.15694 8.80784e-05
0 0.430177 0.247023 0.906711 2.3978 1.19011 10.2839 3.37575e-40
0 0.684328 0.140418 0.513454 1.67956 1.35507 7.63153 6.61906e-30
0 0.944762 0.134093 0.110472 0.922641 1.36486 5.60215 4.96179e-22
0 0.159476 0.169299 1.32558 0.731121 1.31038 29.6819 1.80454e-115
0 0.601785 0.00572496 0.641175 0.113344 1.56349 10.6027 1.95713e-41
0 0.0147748 0.846127 1.54948 0.477041 0.263095 48.4611 2.42688e-188
0 0.16665 0.751785 1.31448 1.95512 0.409075 20.8547 3.23209e-81
0 0.484611 0.714062 0.822484 0.231609 0.467445 3.12903 1.96043e-12
0 0.691015 0.0926904 0.503106 0.243222 1.42892 8.64795 7.52783e-34
0 0.503498 0.624443 0.793259 2.46009 0.606115 3.3669 2.34055e-13
0 0.308075 0.0393524 1.09565 0.391735 1.51145 17.6682 7.49002e-69
0 0.280495 0.602191 1.13832 1.08889 0.640548 10.8941 1.44726e-42
0 0.588409 0.456543 0.661872 0.501766 0.865915 3.48897 7.86382e-14
0 0.493163 0.725759 0.80925 1.88061 0.449345 2.9506 9.65519e-12
0 0.028998 0.347062 1.52747 0.0962546 1.03532 47.7873 9.99529e-186
0 0.1338 0.697724 1.36531 1.17536 0.492725 27.7106 8.04694e-108
0 0.91366 0.792376 0.158598 0.964908 0.346266 0.368508 0.101002
0 0.905461 0.171124 0.171285 1.09019 1.30756 4.81745 5.50305e-19
0 0.214116 0.697831 1.24103 1.21356 0.492559 15.1982 2.87728e-59
0 0.0695821 0.968525 1.46468 2.46117 0.0737023 39.1379 3.65593e-152
0 0.0787356 0.977135 1.45051 1.28791 0.0603794 36.8268 3.39737e-143
0 0.59774 0.216866 0.647434 0.947607 1.23678 7.07788 9.31543e-28
0 0.913913 0.225726 0.158206 2.55714 1.22307 3.54882 4.60685e-14
0 0.129216 0.971114 1.3724 2.36396 0.069697 24.6965 3.99603e-96
0 0.715324 0.768027 0.465492 1.10925 0.383942 1.00644 0.000337981
0 0.76732 0.310132 0.385037 3.05679 1.09246 3.25905 6.13526e-13
0 0.0502356 0.584745 1.49461 2.45373 0.667542 45.0331 4.86488e-175
0 0.235007 0.519791 1.20871 1.0294 0.768048 15.938 3.87638e-62
0 0.415008 0.0787665 0.930183 0.423987 1.45046 13.5651 6.25381e-53
0 0.068929 0.682856 1.46569 0.945217 0.515731 41.3995 6.12666e-161
0 0.544865 0.861871 0.72925 1.62633 0.238732 1.86229 1.61371e-07
0 0.779537 0.420196 0.366132 0.175717 0.922155 2.10556 1.83589e-08
0 0.937952 0.281657 0.121009 2.64098 1.13652 2.56373 3.06169e-10
0 0.666686 0.256168 0.540751 0.969667 1.17596 5.19872 1.82429e-20
0 0.407203 0.534886 0.94226 0.221033 0.744691 6.16579 3.22454e-24
0 0.318799 0.612388 1.07905 1.08343 0.624769 8.55728 1.69244e-33
0 0.572367 0.878829 0.686695 0.148589 0.212493 1.58612 1.90319e-06
0 0.754999 0.671089 0.404101 0.155655 0.533938 1.08635 0.000165501
0 0.0097066 0.44129 1.55732 1.66403 0.889517 48.7786 1.42333e-189
0 0.201595 0.530675 1.26041 1.23774 0.751206 19.4365 1.02905e-75
0 0.899679 0.653636 0.18023 1.56906 0.560944 0.655707 0.00776031
0 0.839979 0.673112 0.272608 2.36329 0.530809 0.771482 0.00275819
0 0.692166 0.829729 0.501325 0.953773 0.288468 0.973988 0.000451665
0 0.310814 0.440443 1.09141 2.05494 0.890826 11.6453 1.76054e-45
0 0.390265 0.0721137 0.96847 1.03477 1.46076 14.343 5.99262e-56
0 0.384959 0.54065 0.97668 3.13744 0.735773 6.78895 1.23123e-26
0 0.533855 0.432916 0.746286 2.09269 0.902474 4.53502 6.86359e-18
0 0.530702 0.518088 0.751166 1.1956 0.770683 3.74075 8.29181e-15
0 0.117483 0.845188 1.39056 3.06605 0.264547 29.0857 3.7122e-113
0 0.341733 0.0706452 1.04356 3.11027 1.46303 16.0432 1.51375e-62
0 0.552034 0.23447 0.718157 2.97814 1.20954 7.5266 1.69031e-29
0 0.422774 0.772725 0.918167 2.28065 0.376673 3.85297 3.04204e-15
0 0.670827 0.926935 0.534344 2.88008 0.138056 0.88544 0.000996368
0 0.876125 0.465163 0.216676 0.224762 0.852577 1.38274 1.17135e-05
0 0.995586 0.292646 0.0318307 1.53531 1.11952 2.19343 8.37297e-09
0 0.65827 0.681555 0.553773 2.29922 0.517744 1.56819 2.23402e-06
0 0.0170944 0.983305 1.54589 1.09348 0.050833 48.2206 2.08213e-187
0 0.69498 0.714298 0.496971 1.70149 0.467079 1.24853 3.88576e-05
0 0.0567159 0.631349 1.48458 3.03534 0.59543 43.8551 1.81304e-170
0 0.639828 0.753899 0.58231 0.439531 0.405803 1.45531 6.12497e-06
0 0.907626 0.86641 0.167934 0.107286 0.231709 0.290245 0.203247
0 0.821035 0.17364 0.301921 1.1777 1.30366 5.3868 3.39848e-21
0 0.490443 0.613442 0.81346 2.691 0.623137 3.63906 2.05698e-14
0 0.101041 0.666902 1.416 1.2196 0.540417 34.9341 7.50967e-136
0 0.868532 0.413639 0.228426 1.03743 0.932302 1.70307 6.69401e-07
0 0.796395 0.701851 0.340047 1.95373 0.486339 0.842547 0.00146171
0 0.925014 0.537205 0.141029 1.97938 0.741103 0.927068 0.000686887
0 0.683364 0.946964 0.514945 1.42864 0.107065 0.795808 0.00221936
0 0.545855 0.415731 0.727719 1.77114 0.929066 4.53737 6.72077e-18
0 0.0549479 0.161133 1.48732 1.29353 1.32301 45.386 2.07787e-176
0 0.673798 0.912587 0.529747 1.74583 0.160258 0.897113 0.000897686
0 0.0997999 0.860143 1.41792 0.949868 0.241408 32.9832 2.7907e-128
0 0.276069 0.120502 1.14517 0.0747769 1.38589 18.8765 1.53284e-73
0 0.440291 0.751757 0.891063 0.0677655 0.409118 3.64125 2.01713e-14
0 0.632213 0.410533 0.594092 1.86957 0.937108 3.40857 1.61305e-13
0 0.964387 0.903896 0.0801052 0.45804 0.173705 0.185824 0.516677
0 0.383278 0.381024 0.979281 0.479475 0.982769 9.29435 2.33542e-36
0 0.617971 0.12627 0.61613 2.46886 1.37696 8.83573 1.40603e-34
0 0.630881 0.702388 0.596154 3.04673 0.485509 1.68187 8.09024e-07
0 0.369801 0.41758 1.00013 2.43589 0.926204 9.18209 6.36789e-36
0 0.876782 0.0244433 0.21566 2.12258 1.53452 8.53739 2.02155e-33
0 0.998598 0.75757 0.0271701 0.190585 0.400123 0.284801 0.213377
0 0.63074 0.909349 0.596372 2.83166 0.165269 1.12612 0.000116007
0 0.0846405 0.881793 1.44138 3.13879 0.207907 36.346 2.49315e-141
0 0.204076 0.609375 1.25657 1.28311 0.629432 17.8055 2.1949e-69
0 0.101755 0.72925 1.41489 0.111685 0.443943 34.0833 1.50276e-132
0 0.79833 0.905962 0.337053 1.28238 0.170509 0.467293 0.0417833
0 0.05244 0.593558 1.4912 1.41561 0.653906 44.6772 1.16979e-173
0 0.507597 0.899677 0.786917 1.84626 0.180234 2.1117 1.73784e-08
0 0.095582 0.110262 1.42445 0.381033 1.40173 39.6919 2.58968e-154
0 0.724428 0.272577 0.451404 1.17049 1.15057 4.21891 1.15662e-16
0 0.993886 0.299443 0.0344602 0.478759 1.109 2.12824 1.49907e-08
0 0.296762 0.249888 1.11315 2.43118 1.18568 15.9316 4.10182e-62
0 0.423347 0.146972 0.91728 2.77475 1.34493 12.4115 1.8727e-48
0 0.590967 0.451893 0.657914 3.0772 0.87311 3.49971 7.14455e-14
0 0.266864 0.103669 1.15941 0.783528 1.41193 19.5948 2.50273e-76
0 0.540222 0.453613 0.736434 0.10557 0.870449 4.20104 1.35684e-16
0 0.697958 0.857792 0.492363 1.9406 0.245045 0.890092 0.000955805
0 0.596219 0.266731 0.649788 0.433849 1.15962 6.0394 9.975e-24
0 0.799113 0.361058 0.335842 3.02378 1.01366 2.46809 7.19597e-10
0 0.43846 0.9343 0.893895 0.209552 0.126661 2.86615 2.05321e-11
0 0.0625713 0.865369 1.47552 0.194445 0.233321 41.4833 2.89721e-161
0 0.308201 0.712416 1.09545 1.34776 0.469991 7.90137 5.93896e-31
0 0.131416 0.619119 1.369 0.507209 0.614353 29.2921 5.8748e-114
0 0.0758837 0.625724 1.45493 2.28032 0.604133 40.4448 3.10322e-157
0 0.429893 0.35232 0.907152 0.259547 1.02718 8.20486 3.94502e-32
0 0.936536 0.0237571 0.1232 0.245036 1.53558 8.36493 9.43821e-33
0 0.345262 0.618536 1.0381 0.188522 0.615256 7.30886 1.18269e-28
0 0.430503 0.174517 0.906208 0.173915 1.30231 11.7175 9.2374e-46
0 0.111524 0.0607191 1.39978 1.72762 1.47839 37.276 6.13453e-145
0 0.467214 0.43456 0.849403 1.0847 0.89993 5.85653 5.11108e-23
0 0.893168 0.315198 0.190306 1.03826 1.08462 2.39688 1.35958e-09
0 0.335908 0.859012 1.05258 2.85552 0.243157 5.54105 8.56527e-22
0 0.433699 0.604941 0.901263 1.81498 0.636292 4.78055 7.65217e-19
0 0.504026 0.463169 0.792442 2.59316 0.855663 4.72315 1.27795e-18
0 0.704853 0.267374 0.481694 2.6569 1.15862 4.52211 7.70274e-18
0 0.553955 0.208149 0.715185 2.44966 1.25027 8.07285 1.28315e-31
0 0.650178 0.222292 0.566294 1.83056 1.22838 6.13623 4.19948e-24
0 0.960841 0.978468 0.085593 0.961535 0.0583173 0.148179 0.723268
0 0.75304 0.317081 0.407131 0.499238 1.08171 3.28678 4.78877e-13
0 0.0530296 0.552849 1.49029 1.5441 0.716896 44.7319 7.17773e-174
0 0.447791 0.463864 0.879457 2.8263 0.854587 5.94123 2.39798e-23
0 0.692801 0.843688 0.500342 2.14158 0.266868 0.941738 0.000602504
0 0.288269 0.0385248 1.12629 1.20519 1.51273 18.6808 8.80858e-73
0 0.907951 0.5861 0.167431 1.78276 0.665446 0.81513 0.00186746
0 0.22938 0.774037 1.21741 1.76073 0.374643 12.5258 6.74488e-49
0 0.0147835 0.589793 1.54947 0.343627 0.659732 48.5578 1.02268e-188
0 0.0940428 0.180047 1.42683 1.71853 1.29375 39.7528 1.50306e-154
0 0.900587 0.14206 0.178825 1.57499 1.35253 5.64271 3.4535e-22
0 0.579937 0.708367 0.674981 1.07651 0.476256 2.06732 2.58366e-08
0 0.195959 0.975263 1.26913 2.52449 0.0632765 13.523 9.10594e-53
0 0.390306 0.373074 0.968406 2.29604 0.995069 9.17227 6.9517e-36
0 0.905926 0.605942 0.170564 2.78392 0.634743 0.763172 0.00297078
0 0.28571 0.251938 1.13025 1.6788 1.18251 16.5746 1.31243e-64
0 0.950466 0.598347 0.101646 2.24874 0.646495 0.676982 0.00641688
0 0.119655 0.0891385 1.3872 1.31041 1.43442 35.9492 8.6384e-140
0 0.663325 0.319288 0.545951 2.04818 1.0783 4.16124 1.93622e-16
0 0.0903254 0.263783 1.43258 0.734306 1.16418 40.036 1.19686e-155
0 0.802495 0.972598 0.330608 0.763998 0.0674007 0.383419 0.0884039
0 0.599139 0.9692 0.645269 3.00724 0.0726577 1.19525 6.2548e-05
0 0.192846 0.737815 1.27394 0.193782 0.430691 17.1769 6.03756e-67
0 0.89062 0.24721 0.194249 1.75001 1.18982 3.31279 3.79568e-13
0 0.0759857 0.90465 1.45477 1.7797 0.172539 38.1749 1.99447e-148
0 0.142682 0.918355 1.35156 2.24711 0.151332 22.6616 3.14664e-88
0 0.957114 0.204628 0.0913594 0.515713 1.25571 3.71564 1.03769e-14
0 0.688581 0.699258 0.506872 1.01457 0.490351 1.32829 1.90533e-05
0 0.161577 0.532674 1.32233 0.399067 0.748114 25.1463 7.17895e-98
0 0.221302 0.261701 1.22991 0.988318 1.1674 21.5037 9.79215e-84
0 0.441495 0.673391 0.889199 0.595679 0.530376 4.09519 3.49347e-16
0 0.393183 0.320413 0.963954 0.469271 1.07655 10.0651 2.38512e-39
0 0.39772 0.984011 0.956933 2.39966 0.0497398 3.3658 2.36365e-13
0 0.308249 0.0964436 1.09538 1.16453 1.42311 17.3194 1.6901e-67
0 0.0406426 0.320207 1.50946 1.84198 1.07687 46.7754 8.4423e-182
0 0.189946 0.406931 1.27843 1.17502 0.942682 22.9359 2.71391e-89
0 0.985489 0.777659 0.0474528 1.08459 0.369038 0.277021 0.228737
0 0.270846 0.960564 1.15325 1.29987 0.0860204 7.57631 1.08412e-29
0 0.768717 0.679838 0.382874 0.787108 0.520401 1.00408 0.000345192
0 0.732309 0.177667 0.439211 3.06828 1.29743 6.14459 3.89723e-24
0 0.771152 0.765149 0.379106 1.40872 0.388395 0.786874 0.00240379
0 0.170217 0.237164 1.30896 0.576113 1.20537 27.6788 1.06968e-107
0 0.921587 0.939317 0.146332 0.379471 0.118898 0.209856 0.416838
0 0.812318 0.7116 0.315408 0.58901 0.471254 0.765866 0.00290013
0 0.209928 0.552957 1.24751 2.28203 0.716729 18.0504 2.46138e-70
0 0.300969 0.252565 1.10664 2.65036 1.18154 15.6405 5.52982e-61
0 0.721356 0.635265 0.456157 1.61361 0.58937 1.36114 1.4207e-05
0 0.484658 0.251706 0.822411 3.09149 1.18287 8.66166 6.66005e-34
0 0.715209 0.0174014 0.465669 2.62597 1.54542 9.45945 5.3421e-37
0 0.257356 0.405776 1.17413 3.1152 0.944469 15.9533 3.38022e-62
0 0.861442 0.0750614 0.239397 2.66457 1.4562 7.73051 2.73347e-30
0 0.706956 0.181977 0.47844 0.505106 1.29076 6.33003 7.43286e-25
0 0.594942 0.0946548 0.651764 3.00402 1.42588 9.79264 2.72139e-38
0 0.335069 0.123786 1.05388 2.76606 1.38081 15.8221 1.09108e-61
0 0.78261 0.466723 0.361377 2.47819 0.850162 1.79033 3.06956e-07
0 0.407934 0.482035 0.94113 1.22068 0.826469 6.81345 9.89184e-27
0 0.263546 0.263997 1.16455 1.31694 1.16385 17.8935 1.00011e-69
0 0.870175 0.969124 0.225884 3.05091 0.0727757 0.259351 0.267858
0 0.24423 0.0187758 1.19444 0.989672 1.54329 21.5272 7.9418e-84
0 0.844838 0.598078 0.265089 0.274918 0.646912 0.966054 0.000484848
0 0.180505 0.892047 1.29304 2.50766 0.19204 16.6113 9.44908e-65
0 0.495517 0.0152652 0.805608 1.1068 1.54872 12.1791 1.49366e-47
0 0.798112 0.902053 0.33739 1.42677 0.176558 0.472824 0.0397688
0 0.177516 0.739128 1.29766 1.85513 0.428658 19.3363 2.52073e-75
0 0.829299 0.475009 0.289132 2.89504 0.837342 1.52067 3.41566e-06
0 0.33882 0.734389 1.04807 0.621547 0.435991 6.38953 4.36788e-25
0 0.974419 0.727525 0.0645833 1.34951 0.446613 0.361894 0.107151
0 0.32106 0.899345 1.07555 0.810822 0.180748 5.78989 9.27104e-23
0 0.214616 0.135174 1.24026 1.01671 1.36318 23.4852 2.00505e-91
0 0.56095 0.927738 0.704361 2.59122 0.136815 1.55266 2.56648e-06
0 0.386858 0.93301 0.973741 1.39501 0.128656 3.78955 5.36122e-15
0 0.84752 0.417189 0.260939 0.960783 0.926809 1.77253 3.59858e-07
0 0.0452464 0.0127632 1.50233 1.63897 1.55259 46.5302 7.5506e-181
0 0.694146 0.451833 0.498262 0.416204 0.873202 2.46428 7.44511e-10
0 0.983894 0.696492 0.0499215 0.192922 0.49463 0.397898 0.0776756
0 0.90674 0.208881 0.169306 1.53157 1.24913 3.92623 1.58091e-15
0 0.0979032 0.125583 1.42085 1.56471 1.37802 39.2943 9.04126e-153
0 0.736918 0.0297384 0.432078 2.32593 1.52633 9.21572 4.71511e-36
0 0.969186 0.375705 0.0726792 1.2898 0.990999 1.57836 2.03986e-06
0 0.411664 0.200149 0.935358 1.67779 1.26265 11.8087 4.08828e-46
0 0.0318633 0.951074 1.52304 2.07524 0.100705 46.6322 3.03504e-181
0 0.196723 0.835384 1.26795 0.72045 0.279718 15.2326 2.11592e-59
0 0.282623 0.636498 1.13503 2.5633 0.587462 10.2635 4.05147e-40
0 0.274118 0.757736 1.14819 2.58029 0.399866 9.2808 2.63611e-36
0 0.0826465 0.342665 1.44446 0.980426 1.04212 40.9345 3.90483e-159
0 0.331808 0.555574 1.05892 2.06634 0.71268 8.69601 4.89974e-34
0 0.00384112 0.659243 1.5664 2.26229 0.552269 48.8899 5.26135e-190
0 0.554309 0.0963746 0.714637 1.22978 1.42322 10.3886 1.32492e-40
0 0.00783954 0.306352 1.56021 0.287742 1.09831 48.8338 8.69114e-190
0 0.086897 0.957383 1.43788 2.63427 0.0909436 34.9987 4.21451e-136
0 0.862684 0.588549 0.237475 2.83118 0.661656 0.938471 0.000620353
0 0.719691 0.779544 0.458734 0.26607 0.366122 0.95985 0.00051248
0 0.171106 0.183805 1.30758 2.16297 1.28793 28.0156 5.27431e-109
0 0.0240667 0.404757 1.5351 0.314921 0.946046 48.1035 5.92782e-187
0 0.15282 0.937034 1.33588 2.2773 0.122429 20.4627 1.07269e-79
0 0.478906 0.807396 0.831311 0.492248 0.323025 2.77798 4.51434e-11
0 0.707679 0.201077 0.47732 0.389303 1.26121 5.86447 4.7614e-23
0 0.870431 0.131982 0.225488 2.79771 1.36812 6.13374 4.29391e-24
0 0.183962 0.105395 1.28769 3.0567 1.40926 26.9206 9.3616e-105
0 0.255584 0.7554 1.17687 2.46611 0.40348 10.573 2.5498e-41
0 0.90543 0.959568 0.171332 1.81041 0.0875622 0.216537 0.392681
0 0.813793 0.944392 0.313125 2.36064 0.111044 0.386248 0.086197
0 0.524644 0.956107 0.760539 2.29231 0.0929168 1.78917 3.1014e-07
0 0.740652 0.528199 0.4263 2.98039 0.755038 1.69621 7.11671e-07
0 0.139688 0.63081 1.3562 1.40339 0.596264 27.5365 3.81468e-107
0 0.280831 0.0953214 1.1378 0.708763 1.42485 18.7975 3.10549e-73
0 0.18443 0.497565 1.28697 1.80145 0.80244 22.2497 1.24815e-86
0 0.506252 0.228865 0.788997 0.769517 1.21821 8.62965 8.86509e-34
0 0.0775618 0.496353 1.45233 0.394241 0.804316 40.9731 2.76429e-159
0 0.876227 0.801266 0.216519 0.78734 0.332509 0.428561 0.0590612
0 0.960834 0.438722 0.0856036 1.33956 0.893489 1.23786 4.27464e-05
0 0.98963 0.583596 0.0410459 1.05412 0.66932 0.634186 0.00940564
0 0.218966 0.0140623 1.23353 2.21476 1.55058 23.5977 7.33516e-92
0 0.131583 0.58309 1.36874 1.09529 0.670104 29.7485 9.95143e-116
0 0.706384 0.634023 0.479325 0.489571 0.591293 1.4466 6.62041e-06
0 0.175903 0.764033 1.30016 2.53328 0.390121 19.1916 9.1786e-75
0 0.90461 0.422559 0.172601 0.309518 0.9185 1.50724 3.85098e-06
0 0.753989 0.877695 0.405664 2.66362 0.214248 0.638145 0.0090788
0 0.0712574 0.895137 1.46208 2.0095 0.187259 39.3534 5.33273e-153
0 0.803699 0.00289612 0.328745 2.41759 1.56786 8.95081 5.02853e-35
0 0.449583 0.948707 0.876684 0.855886 0.104367 2.65619 1.34028e-10
0 0.869175 0.773012 0.227432 2.22742 0.376229 0.488453 0.0345856
0 0.539417 0.689046 0.73768 1.63704 0.506152 2.55541 3.29796e-10
0 0.824608 0.944633 0.296392 2.02235 0.110672 0.362652 0.106427
0 0.204475 0.264033 1.25595 1.43934 1.16379 23.212 2.3028e-90
0 0.0567956 0.23192 1.48446 3.13259 1.21348 45.0611 3.78947e-175
1 0.991994 0.994259 0.0373884 1.88532 0.0338827 0.118796 0.940412
1 0.984135 0.935319 0.0483322 2.7066 0.0724983 0.149082 0
1 0.939712 0.903832 0.0724983 0.43499 0.169163 0.213224 0.404481
1 0.989016 0.786185 0.0241661 1.30497 0.338325 0.262499 0.260428
1 0.968025 0.965829 0.0241661 1.06331 0.362491 0.147783 0.725829
1 0.900659 0.937271 0.169163 1.30497 0.12083 0.238391 0.323027
1 0.960703 0.999268 0.0966644 1.06331 0.0241661 0.139715 0.780085
1 0.942153 0.745912 0.0483322 2.65827 0.12083 0.386447 0.086044
1 0.94435 0.909934 0.0966644 1.93329 0.12083 0.20337 0.441706
1 0.922626 0.98267 0.0483322 2.94826 0.144997 0.182823 0.530722
1 0.991945 0.994142 0.0241661 1.88496 0.0724983 0.118866 0.939819
1 0.991945 0.994142 0.0241661 1.88496 0.0241661 0.118866 0.939819
1 0.968025 0.918965 0.193329 2.02995 0.144997 0.172581 0.581581
1 0.90847 0.984379 0.0966644 1.73996 0.0483322 0.197831 0.464118
1 0.984135 0.935074 0.0724983 0.43499 0.169163 0.149206 0.716662
1 0.968025 0.965829 0.0724983 2.36828 0.0724983 0.147783 0.725829
1 0.954113 0.864047 0.0724983 1.3533 0.217495 0.22795 0.354611
1 0.921406 0.939224 0.144997 1.01498 0.0966644 0.210138 0.415789
1 0.980229 0.920186 0.0483322 2.94826 0.144997 0.160572 0.647456
1 0.983891 0.908714 0.338325 0.579986 0.144997 0.163986 0.628002
1 0.946546 0.965829 0.0724983 2.36828 0.0724983 0.167143 0.610535
1 0.939468 0.999268 0.0966644 1.06331 0.12083 0.158019 0.66239
1 0.974371 0.978277 0.0724983 0.918312 0.0483322 0.137276 0.797273
1 0.917012 0.86185 0.0483322 1.06331 0.217495 0.280444 0.221848
1 0.922626 0.949231 0.12083 1.59496 0.0724983 0.202155 0.44653
1 0.972663 0.999024 0.0724983 0.773315 0.314159 0.1306 0.846278
1 0.985355 0.777642 0.0241661 2.94826 0.0724983 0.277218 0.228336
1 0.93361 0.996095 0.0483322 0.579986 0.0241661 0.164986 0.622417
1 0.968025 0.965829 0.0724983 0.43499 0.169163 0.147783 0.725829
1 0.948255 0.95875 0.0483322 2.65827 0.12083 0.16917 0.599575
1 0.893337 0.825726 0.169163 0.86998 0.289993 0.361174 0.107842
1 0.905297 0.909934 0.0966644 1.93329 0.144997 0.253458 0.28234
1 0.94435 0.955089 0.12083 2.94826 0.0724983 0.175019 0.569046
1 0.938248 0.949231 0.12083 1.98162 0.0966644 0.18468 0.521989
1 0.980229 0.920186 0.0483322 1.59496 0.289993 0.160572 0.647456
1 0.928484 0.931413 0.12083 1.88496 0.0241661 0.206921 0.427913
1 0.915792 0.976568 0.144997 0.241661 0.169163 0.193734 0.481424
1 0.928484 0.931413 0.12083 2.94826 0.144997 0.206921 0.427913
1 0.997559 0.711252 0.0241661 1.59496 0.459156 0.352296 0.116745
1 0.900415 0.905297 0.217495 2.60994 0.169163 0.264555 0.255688
1 0.964364 0.94435 0.289993 2.31995 0.0966644 0.161597 0.641552
1 0.980229 0.825726 0.169163 0.86998 0.289993 0.231686 0.34297
1 0.968025 0.965829 0.0724983 2.36828 0.0724983 0.147783 0.725829
1 0.822309 0.905297 0.217495 2.60994 0.169163 0.409971 0.0697331
1 0.899683 0.937271 0.169163 1.44997 0.0241661 0.239742 0.31915
1 0.905297 0.959483 0.169163 0.241661 0.0483322 0.216763 0.391891
1 0.954845 0.786185 0.0241661 1.30497 0.338325 0.309336 0.171373
1 0.899683 0.937271 0.169163 1.78829 0.0724983 0.239742 0.31915
1 0.936783 0.955089 0.144997 0.918312 0.338325 0.182838 0.530649
1 0.989016 0.786185 0.0483322 2.07828 0.700817 0.262499 0.260428
1 0.991945 0.994142 0.0241661 1.88496 0.0483322 0.118866 0.939819
1 0.858921 0.939224 0.144997 0.338325 0.0966644 0.301876 0.183186
1 0.936783 0.955089 0.0724983 0.918312 0.0483322 0.182838 0.530649
1 0.989016 0.786185 0.0483322 1.06331 0.217495 0.262499 0.260428
1 0.954845 0.827679 0.0724983 0.0483322 0.0483322 0.261648 0.262416
1 0.968025 0.961679 0.0724983 1.15997 0.0724983 0.149706 0.713467
1 0.948255 0.953869 0.241661 0.724983 0.144997 0.17179 0.585702
1 0.907493 0.865267 0.0966644 1.73996 0.0483322 0.291621 0.200762
1 0.984135 0.935319 0.0483322 2.65827 0.12083 0.149082 0.717458
1 0.939468 0.874298 0.169163 1.78829 0.0724983 0.237411 0.325867
1 0.954113 0.864047 0.0724983 1.3533 0.217495 0.22795 0.354611
1 0.972663 0.997803 0.144997 0.338325 0.0966644 0.131042 0.842943
1 0.922626 0.949231 0.12083 2.22328 0.0241661 0.202155 0.44653
1 0.915792 0.944594 0.289993 1.98162 0.0966644 0.213416 0.403788
1 0.921406 0.920186 0.0483322 2.94826 0.144997 0.22359 0.368699
1 0.939712 0.98267 0.0483322 2.94826 0.144997 0.165386 0.620196
1 0.984135 0.727362 0.0483322 1.30497 0.43499 0.34725 0.12213
1 0.827923 0.932634 0.289993 2.60994 0.0241661 0.367761 0.101679
1 0.814498 0.999268 0.0966644 1.06331 0.0241661 0.334167 0.137274
1 0.985355 0.71052 0.193329 0.241661 0.459156 0.371942 0.0979499
1 0.972663 0.996095 0.0483322 0.579986 0.0241661 0.131666 0.838253
1 0.968025 0.965829 0.0724983 2.89993 0.0241661 0.147783 0.725829
1 0.94435 0.909934 0.0966644 1.93329 0.144997 0.20337 0.441706
1 0.890408 0.935319 0.0483322 2.65827 0.12083 0.254504 0.279713
1 0.936783 0.955089 0.0724983 0.773315 0.314159 0.182838 0.530649
1 0.960703 0.978277 0.0724983 0.918312 0.0483322 0.14838 0.72197
1 0.921406 0.939224 0.144997 0.338325 0.217495 0.210138 0.415789
1 0.922626 0.949231 0.12083 2.17495 0.144997 0.202155 0.44653
1 0.968025 0.962656 0.289993 1.30497 0.193329 0.149249 0.716385
1 0.964364 0.917257 0.144997 0.918312 0.338325 0.177204 0.558045
1 0.892604 0.985843 0.169163 1.30497 0.0241661 0.216542 0.392666
1 0.980229 0.909934 0.0966644 1.93329 0.144997 0.166578 0.613625
1 0.976324 0.932634 0.289993 2.60994 0.12083 0.157141 0.667608
1 0.936783 0.955089 0.12083 2.75494 0.0966644 0.182838 0.530649
1 0.902612 0.820845 0.0724983 2.31995 0.144997 0.35057 0.118559
1 0.984135 0.935319 0.0483322 2.60994 0.0241661 0.149082 0.717458
1 0.936783 0.955089 0.12083 2.94826 0.144997 0.182838 0.530649
1 0.968025 0.961679 0.0724983 1.11164 0.0483322 0.149706 0.713467
1 0.900659 0.890896 0.0241661 2.56161 0.579986 0.27718 0.228413
1 0.984867 0.798389 0.0241661 1.88496 0.0241661 0.254081 0.280773
1 0.984867 0.853307 0.0724983 0.918312 0.0483322 0.202 0.447146
1 0.954113 0.874542 0.0724983 0.0483322 0.289993 0.219077 0.38387
1 0.885038 0.918965 0.193329 2.02995 0.12083 0.276219 0.230383
1 0.984135 0.935319 0.0483322 2.65827 0.12083 0.149082 0.717458
1 0.964364 0.969002 0.217495 3.04493 0.0724983 0.149428 0.715243
1 0.945082 0.994142 0.0241661 1.88496 0.0241661 0.155121 0.67977
1 0.888699 0.761533 0.193329 0.531654 0.0966644 0.464378 0.042886
1 0.972663 0.996095 0.193329 0.773315 0.314159 0.131666 0.838253
1 0.964364 0.900171 0.0724983 0.918312 0.0483322 0.188377 0.505026
1 0.939712 0.938248 0.241661 1.54663 0.483322 0.189734 0.498939
1 0.939468 0.999268 0.0966644 1.01498 0.0966644 0.158019 0.66239
1 0.960703 0.978277 0.0724983 1.15997 0.0724983 0.14838 0.72197
1 0.979497 0.863071 0.0966644 1.93329 0.144997 0.199842 0.455852
1 0.853063 0.931413 0.12083 2.41661 0.12083 0.319468 0.156541
1 0.948255 0.953136 0.0966644 2.41661 0.12083 0.17219 0.583615
1 0.980229 0.920186 0.0483322 3.04493 0.0966644 0.160572 0.647456
1 0.950207 0.88455 0.289993 1.30497 0.193329 0.215619 0.395915
1 0.968025 0.955089 0.12083 2.94826 0.0724983 0.152862 0.693626
1 0.972663 0.879424 0.12083 0.0483322 0.193329 0.194518 0.478061
1 0.822797 0.910666 0.289993 2.27161 0.144997 0.402676 0.0744291
1 0.93361 0.879424 0.0483322 1.06331 0.217495 0.240581 0.316767
1 0.991945 0.986331 0.12083 2.94826 0.0724983 0.121532 0.917701
1 0.991945 0.994142 0.0241661 1.88496 0.0241661 0.118866 0.939819
1 0.892604 0.985843 0.169163 1.06331 0.0241661 0.216542 0.392666
1 0.963876 0.969002 0.217495 3.04493 0.0724983 0.149844 0.712585
1 0.968025 0.985843 0.169163 1.30497 0.0241661 0.139178 0.783834
1 0.822797 0.910666 0.289993 2.27161 0.144997 0.402676 0.0744291
1 0.802783 0.949231 0.12083 1.98162 0.0966644 0.406323 0.0720432
1 0.972663 0.996095 0.0483322 0.43499 0.0483322 0.131666 0.838253
1 0.979497 0.86185 0.0483322 1.06331 0.217495 0.200811 0.451924
1 0.968025 0.958018 0.0241661 1.30497 0.338325 0.151444 0.702474
1 0.991945 0.995118 0.12083 2.94826 0.289993 0.118543 0.942538
1 0.821577 0.866244 0.144997 0.0966644 0.217495 0.460822 0.0442703
1 0.968025 0.961679 0.0724983 1.15997 0.0724983 0.149706 0.713467
1 0.928484 0.931413 0.12083 2.41661 0.0483322 0.206921 0.427913
1 0.972663 0.996095 0.0483322 0.579986 0.0241661 0.131666 0.838253
1 0.968025 0.954845 0.144997 0.338325 0.0966644 0.152982 0.692886
1 0.959483 0.835245 0.265827 1.01498 0.265827 0.247908 0.296694
1 0.827923 0.932634 0.628319 2.9966 0.0724983 0.367761 0.101679
1 0.921406 0.939224 0.144997 0.338325 0.144997 0.210138 0.415789
1 0.984135 0.935319 0.0483322 2.65827 0.0483322 0.149082 0.717458
1 0.939468 0.999268 0.0966644 1.06331 0.0241661 0.158019 0.66239
1 0.984135 0.935319 0.0483322 2.65827 0.12083 0.149082 0.717458
1 0.984867 0.798389 0.0241661 2.89993 0.314159 0.254081 0.280774
1 0.972663 0.996095 0.0483322 0.531654 0.0724983 0.131666 0.838253
1 0.939468 0.984379 0.0966644 1.01498 0.0966644 0.164804 0.62343
1 0.948255 0.953136 0.0966644 0.241661 0.0724983 0.17219 0.583615
1 0.936783 0.820845 0.169163 1.11164 0.289993 0.294699 0.195317
1 0.966561 0.916036 0.0724983 2.31995 0.144997 0.1758 0.565092
1 0.939468 0.999268 0.0966644 1.06331 0.217495 0.158019 0.66239
1 0.83256 0.835245 0.265827 1.01498 0.0724983 0.477643 0.0380928
1 0.991945 0.994142 0.0241661 1.88496 0.0241661 0.118866 0.939819
1 0.915792 0.976568 0.0483322 2.65827 0.12083 0.193734 0.481424
1 0.984867 0.798389 0.0241661 2.89993 0.314159 0.254081 0.280774
1 0.922382 0.81938 0.12083 0.676651 0.144997 0.318825 0.157442
1 0.893337 0.825726 0.169163 0.86998 0.289993 0.361174 0.107842
1 0.915792 0.976568 0.144997 0.386658 0.169163 0.193734 0.481424
1 0.998536 0.757383 0.12083 2.94826 0.289993 0.28512 0.212771
1 0.826214 0.784721 0.0483322 0.579986 0.0241661 0.575782 0.0158497
1 0.984867 0.778863 0.0724983 0.43499 0.169163 0.276392 0.230026
1 0.921406 0.939224 0.144997 0.724983 0.144997 0.210138 0.415789
1 0.972663 0.996095 0.0483322 0.579986 0.0724983 0.131666 0.838253
1 0.827923 0.903832 0.0724983 0.43499 0.169163 0.399045 0.0768835
1 0.968025 0.965829 0.0724983 2.36828 0.0241661 0.147783 0.725829
1 0.936783 0.955089 0.12083 2.94826 0.0966644 0.182838 0.530649
1 0.899683 0.953136 0.0966644 1.01498 0.0966644 0.22834 0.35338
1 0.971687 0.969002 0.217495 3.04493 0.0724983 0.143338 0.755235
1 0.978765 0.984379 0.0966644 1.73996 0.0483322 0.131534 0.83924
1 0.915792 0.9773 0.0724983 1.15997 0.0724983 0.193322 0.483199
1 0.954845 0.827679 0.0241661 1.88496 0.0241661 0.261648 0.262416
1 0.94435 0.909934 0.0966644 1.88496 0.0966644 0.20337 0.441706
1 0.991945 0.994142 0.0241661 1.88496 0.144997 0.118866 0.939819
1 0.870149 0.969002 0.217495 3.04493 0.241661 0.259481 0.267548
1 0.984135 0.935319 0.0483322 2.65827 0.12083 0.149082 0.717458
1 0.892604 0.985843 0.0724983 0.43499 0.169163 0.216542 0.392666
1 0.968025 0.965829 0.0724983 0.918312 0.0483322 0.147783 0.725829
1 0.999268 0.955089 0.12083 2.94826 0.0724983 0.128418 0.862935
1 0.984135 0.935319 0.0483322 2.65827 0.0724983 0.149082 0.717458
1 0.968025 0.965829 0.169163 1.78829 0.0724983 0.147783 0.725829
1 0.968025 0.961679 0.0724983 1.15997 0.0724983 0.149706 0.713467
1 0.869173 0.905297 0.217495 2.60994 0.289993 0.315431 0.16229
1 0.980229 0.920186 0.0483322 2.94826 0.0483322 0.160572 0.647456
1 0.954113 0.864047 0.0966644 1.73996 0.0483322 0.22795 0.354611
1 0.948255 0.953136 0.0724983 0.0483322 0.289993 0.17219 0.583615
1 0.972663 0.996095 0.0966644 1.01498 0.0966644 0.131666 0.838253
1 0.964364 0.903832 0.0724983 0.193329 0.0483322 0.185891 0.516369
1 0.968025 0.966317 0.0724983 0.43499 0.169163 0.14756 0.727277
1 0.921406 0.949231 0.0483322 0.579986 0.0241661 0.203592 0.44083
1 0.939468 0.999268 0.0966644 1.06331 0.0241661 0.158019 0.66239
1 0.922382 0.81938 0.12083 2.94826 0.314159 0.318825 0.157442
1 0.960703 0.978277 0.0724983 0.918312 0.0966644 0.14838 0.72197
1 0.936783 0.955089 0.0724983 2.31995 0.144997 0.182838 0.530649
1 0.979497 0.86185 0.0483322 1.06331 0.217495 0.200811 0.451924
1 0.902612 0.820845 0.12083 2.94826 0.289993 0.350571 0.118559
1 0.972663 0.996095 0.0483322 1.06331 0.217495 0.131666 0.838253
1 0.959971 0.799854 0.0724983 0.773315 0.193329 0.285311 0.212408
1 0.948255 0.953136 0.0966644 1.01498 0.0966644 0.17219 0.583615
1 0.976324 0.978277 0.0724983 0.918312 0.0483322 0.135772 0.808062
1 0.905297 0.959483 0.169163 1.78829 0.0724983 0.216763 0.391891
1 0.989016 0.786185 0.0241661 1.30497 0.362491 0.262499 0.260428
1 0.966561 0.914328 0.0241661 1.06331 0.362491 0.176865 0.559736
1 0.921406 0.939224 0.0724983 1.3533 0.217495 0.210138 0.415789
1 0.885038 0.918965 0.169163 0.676651 0.144997 0.276219 0.230383
1 0.869173 0.905297 0.241661 1.01498 0.0966644 0.315431 0.16229
1 0.968025 0.965829 0.0724983 2.36828 0.0724983 0.147783 0.725829
1 0.939712 0.984379 0.0966644 1.93329 0.144997 0.164569 0.624739
1 0.989016 0.786185 0.0241661 1.30497 0.338325 0.262499 0.260428
1 0.968025 0.961679 0.0724983 1.15997 0.144997 0.149706 0.713467
1 0.899683 0.937271 0.169163 1.01498 0.0966644 0.239742 0.31915
1 0.922626 0.786185 0.0241661 1.30497 0.338325 0.36124 0.107779
1 0.905297 0.959483 0.289993 2.27161 0.144997 0.216763 0.391891
1 0.929949 0.674152 0.12083 0.0966644 0.531654 0.540699 0.0216849
1 0.939712 0.984379 0.0966644 1.01498 0.0966644 0.164569 0.624739
1 0.991701 0.86185 0.0483322 1.06331 0.217495 0.188266 0.505528
1 0.968025 0.961679 0.0724983 1.15997 0.0724983 0.149706 0.713467
1 0.960947 0.996095 0.0483322 0.579986 0.0241661 0.140755 0.772869
1 0.980229 0.914083 0.144997 0.241661 0.0483322 0.164103 0.627348
1 0.798145 0.905785 0.0483322 0.579986 0.0241661 0.467994 0.0415226
1 0.774713 0.968269 0.12083 1.98162 0.0966644 0.455617 0.046378
1 0.928484 0.931413 0.12083 2.94826 0.144997 0.206921 0.427913
1 0.905297 0.959483 0.169163 1.78829 0.0724983 0.216763 0.391891
1 0.968025 0.961679 0.0724983 1.15997 0.0724983 0.149706 0.713467
1 0.869173 0.902368 0.0483322 0.579986 0.0241661 0.318332 0.158137
1 0.967781 0.996095 0.0483322 0.579986 0.0241661 0.135365 0.811004
1 0.968025 0.961679 0.0724983 1.15997 0.0241661 0.149706 0.713467
1 0.939468 0.999268 0.0966644 1.06331 0.0241661 0.158019 0.66239
1 0.972663 0.996339 0.289993 1.98162 0.0966644 0.131577 0.838924
1 0.956065 0.9773 0.362491 2.65827 0.0483322 0.152826 0.693848
1 0.960703 0.971198 0.0483322 1.06331 0.217495 0.151567 0.701699
1 0.984867 0.798389 0.12083 2.94826 0.0724983 0.254081 0.280774
1 0.920918 0.909934 0.0966644 1.93329 0.144997 0.232043 0.341879
1 0.797901 0.901879 0.314159 1.54663 0.169163 0.473593 0.0394964
1 0.966561 0.906273 0.0966644 1.01498 0.0966644 0.182033 0.534481
1 0.94435 0.909934 0.0966644 1.93329 0.0724983 0.20337 0.441706
1 0.954113 0.865755 0.0483322 1.06331 0.217495 0.226473 0.359324
1 0.869173 0.769343 0.0966644 1.93329 0.144997 0.494622 0.0327309
1 0.989016 0.786185 0.0241661 1.30497 0.338325 0.262499 0.260428
1 0.954113 0.864291 0.169163 0.676651 0.144997 0.227738 0.355283
1 0.984135 0.935319 0.0483322 2.65827 0.12083 0.149082 0.717458
1 0.984135 0.935319 0.0483322 0.676651 0.144997 0.149082 0.717458
1 0.980229 0.920186 0.0483322 2.80327 0.144997 0.160572 0.647456
1 0.824506 0.944594 0.289993 2.12662 0.0483322 0.362905 0.106187
1 0.940444 0.86185 0.0483322 1.06331 0.217495 0.247314 0.298272
1 0.983402 0.864047 0.0724983 1.3533 0.217495 0.194989 0.476056
1 0.943373 0.905297 0.217495 2.60994 0.169163 0.207833 0.42444
1 0.784721 0.947523 0.338325 2.02995 0.144997 0.452628 0.0476332
1 0.964364 0.904076 0.0483322 2.65827 0.12083 0.185727 0.517125
1 0.725653 0.971443 0.43499 1.54663 0.0241661 0.598773 0.0129065
1 0.892604 0.985843 0.169163 1.78829 0.0724983 0.216542 0.392666
1 0.94435 0.909934 0.0966644 1.93329 0.144997 0.20337 0.441706
1 0.853063 0.711252 0.0241661 1.59496 0.459156 0.645953 0.00846698
1 0.776422 0.9773 0.0966644 1.01498 0.0966644 0.441495 0.0526152
1 0.991945 0.996339 0.0241661 1.06331 0.362491 0.118142 0.945922
1 0.988772 0.798389 0.0241661 2.89993 0.314159 0.249279 0.293082
1 0.984867 0.798389 0.0241661 2.94826 0.289993 0.254081 0.280773
1 0.941665 0.750549 0.0241661 0.144997 0.386658 0.38014 0.0910317
1 0.892604 0.939224 0.144997 0.338325 0.0966644 0.248278 0.295716
1 0.827923 0.932634 0.0966644 1.01498 0.0966644 0.367761 0.101679
1 0.822797 0.910666 0.289993 0.0483322 0.289993 0.402676 0.0744291
1 0.939468 0.965829 0.0724983 2.36828 0.0724983 0.174138 0.573542
1 0.978277 0.976568 0.144997 0.241661 0.0483322 0.134974 0.813844
1 0.918233 0.750549 0.0966644 0.193329 0.410824 0.422652 0.0622632
1 0.972663 0.98145 0.193329 2.02995 0.144997 0.137313 0.797007
1 0.964364 0.917012 0.169163 0.676651 0.144997 0.177356 0.557287
1 0.959971 0.799854 0.0724983 0.773315 0.314159 0.28531 0.212408
1 0.967781 0.969002 0.217495 3.04493 0.0724983 0.146549 0.733877
1 0.934586 0.635587 0.0483322 1.06331 0.579986 0.617561 0.010912
1 0.939468 0.999024 0.193329 2.02995 0.144997 0.158126 0.661761
1 0.948255 0.961191 0.0241661 1.59496 0.459156 0.167888 0.606484
1 0.899683 0.937271 0.169163 1.3533 0.217495 0.239742 0.31915
1 0.968025 0.961679 0.0724983 0.821647 0.169163 0.149706 0.713467
1 0.960703 0.978277 0.0724983 2.41661 0.12083 0.14838 0.72197
1 0.980229 0.920186 0.0483322 2.94826 0.193329 0.160572 0.647456
1 0.954113 0.864047 0.0724983 1.3533 0.217495 0.22795 0.354611
1 0.984135 0.935319 0.0241661 0.86998 0.289993 0.149082 0.717458
1 0.954845 0.827679 0.0966644 1.73996 0.0483322 0.261648 0.262416
1 0.984135 0.994142 0.0241661 1.88496 0.0241661 0.124126 0.896674
1 0.922626 0.949231 0.12083 1.78829 0.0724983 0.202155 0.44653
1 0.892604 0.986087 0.0724983 1.15997 0.0724983 0.216395 0.393182
1 0.939712 0.986331 0.169163 1.88496 0.265827 0.163646 0.629914
1 0.984135 0.935319 0.0483322 2.65827 0.0724983 0.149082 0.717458
1 0.900659 0.917012 0.169163 0.386658 0.0724983 0.254266 0.28031
1 0.979497 0.86185 0.0483322 1.06331 0.217495 0.200811 0.451924
1 0.902612 0.820845 0.169163 1.11164 0.289993 0.350571 0.118559
1 0.964364 0.903832 0.0724983 0.43499 0.169163 0.185891 0.516368
1 0.972663 0.879424 0.12083 0.0483322 0.193329 0.194518 0.478061
1 0.907493 0.866244 0.144997 0.0483322 0.12083 0.290623 0.202561
1 0.936539 0.909934 0.0966644 1.93329 0.144997 0.21249 0.40714
1 0.776422 0.9773 0.362491 2.27161 0.144997 0.441495 0.0526151
1 0.93361 0.879424 0.12083 0.0483322 0.12083 0.240581 0.316767
1 0.948255 0.996095 0.0483322 0.579986 0.0241661 0.151455 0.702405
1 0.979497 0.86185 0.289993 2.31995 0.0966644 0.200811 0.451924
1 0.928484 0.935074 0.0724983 0.43499 0.169163 0.204462 0.437417
1 0.980229 0.920186 0.0483322 2.94826 0.12083 0.160572 0.647456
1 0.984867 0.798389 0.0241661 2.80327 0.362491 0.254081 0.280773
1 0.998536 0.757383 0.0241661 0.43499 0.169163 0.28512 0.212771
1 0.968025 0.920186 0.0483322 2.94826 0.144997 0.171843 0.585424
1 0.954845 0.827679 0.0724983 0.0483322 0.265827 0.261648 0.262416
1 0.983891 0.939224 0.144997 0.338325 0.0966644 0.14732 0.728841
1 0.939468 0.999024 0.0724983 2.36828 0.0724983 0.158126 0.661761
1 0.984867 0.670247 0.0483322 2.94826 0.144997 0.444426 0.0512551
1 0.853063 0.98682 0.0483322 1.06331 0.217495 0.273669 0.235692
1 0.980229 0.920186 0.0483322 2.94826 0.144997 0.160572 0.647456
1 0.991945 0.916036 0.0724983 2.31995 0.144997 0.152793 0.694055
1 0.929949 0.633634 0.0966644 1.3533 0.579986 0.632657 0.00953501
1 0.920918 0.659995 0.0966644 1.93329 0.144997 0.591147 0.0138165
1 0.980229 0.920186 0.0483322 2.94826 0.12083 0.160572 0.647456
1 0.960703 0.978033 0.314159 0.43499 0.0241661 0.148488 0.721276
1 0.824506 0.944594 0.289993 1.98162 0.193329 0.362905 0.106187
1 0.939468 0.999268 0.0966644 1.06331 0.12083 0.158019 0.66239
1 0.915792 0.980229 0.0966644 1.93329 0.144997 0.191691 0.49029
1 0.979497 0.86185 0.0483322 1.06331 0.265827 0.200811 0.451924
1 0.960703 0.978277 0.0724983 0.918312 0.0483322 0.14838 0.72197
1 0.941665 0.994142 0.0241661 1.88496 0.0241661 0.158242 0.661072
1 0.972663 0.997803 0.0966644 1.93329 0.144997 0.131042 0.842943
1 0.939468 0.999268 0.0966644 1.06331 0.0241661 0.158019 0.66239
1 0.94435 0.916036 0.0724983 2.31995 0.144997 0.199112 0.458835
1 0.885526 0.916036 0.0724983 2.31995 0.144997 0.27801 0.226726
1 0.878936 0.733708 0.12083 2.56161 0.43499 0.535498 0.0227165
1 0.966561 0.916036 0.0724983 2.31995 0.144997 0.1758 0.565092
1 0.907493 0.866244 0.144997 0.0483322 0.0724983 0.290623 0.202561
1 0.939468 0.999268 0.0966644 1.06331 0.0241661 0.158019 0.66239
1 0.979497 0.86185 0.217495 2.22328 0.362491 0.200811 0.451924
1 0.928484 0.932634 0.289993 2.60994 0.12083 0.206096 0.431079
1 0.939712 0.932634 0.289993 2.60994 0.12083 0.193271 0.483419
1 0.979497 0.86185 0.0483322 1.06331 0.217495 0.200811 0.451924
1 0.959971 0.972419 0.314159 0.724983 0.0483322 0.151642 0.701229
1 0.985355 0.891872 0.362491 2.7066 0.169163 0.173194 0.578405
1 0.991945 0.994142 0.0724983 0.918312 0.0483322 0.118866 0.939819
1 0.885038 0.906273 0.0966644 1.01498 0.0966644 0.287588 0.20813
1 0.905297 0.959483 0.169163 1.78829 0.0724983 0.216763 0.391891
1 0.822797 0.910666 0.289993 2.27161 0.0724983 0.402676 0.0744291
1 0.954845 0.994142 0.0241661 1.88496 0.0241661 0.146585 0.733643
1 0.922626 0.949231 0.169163 1.30497 0.12083 0.202155 0.44653
1 0.968025 0.956798 0.0966644 1.93329 0.144997 0.152032 0.698793
1 0.968025 0.949231 0.12083 1.98162 0.0966644 0.155777 0.675795
1 0.979497 0.862094 0.144997 0.338325 0.0966644 0.200617 0.452709
1 0.966561 0.916036 0.0724983 1.98162 0.0966644 0.1758 0.565092
1 0.960703 0.977545 0.193329 2.02995 0.144997 0.148703 0.719887
1 0.959971 0.996095 0.0483322 0.579986 0.0241661 0.141546 0.767427
1 0.94435 0.909934 0.0966644 1.93329 0.12083 0.20337 0.441706
1 0.827923 0.932634 0.289993 1.88496 0.0241661 0.367761 0.101679
1 0.892604 0.985843 0.169163 0.918312 0.0483322 0.216542 0.392666
1 0.869173 0.935319 0.0483322 2.65827 0.12083 0.287778 0.207776
1 0.94435 0.916036 0.0241661 1.88496 0.0241661 0.199112 0.458835
1 0.966561 0.916036 0.0724983 2.31995 0.144997 0.1758 0.565092
1 0.978277 0.976568 0.144997 0.241661 0.0483322 0.134974 0.813844
1 0.966561 0.916036 0.0966644 1.73996 0.0483322 0.1758 0.565092
1 0.991945 0.994142 0.0241661 1.88496 0.0241661 0.118866 0.939819
1 0.827923 0.978277 0.0724983 0.918312 0.0483322 0.325195 0.148732
1 0.936783 0.955089 0.12083 2.8516 0.338325 0.182838 0.530649
1 0.979497 0.86185 0.0483322 1.06331 0.217495 0.200811 0.451924
1 0.985355 0.777642 0.0241661 1.06331 0.362491 0.277218 0.228336
1 0.939468 0.999268 0.0724983 0.918312 0.0483322 0.158019 0.66239
1 0.936783 0.955089 0.12083 2.94826 0.0966644 0.182838 0.530649
1 0.984135 0.935319 0.0483322 2.65827 0.12083 0.149082 0.717458
1 0.980229 0.920186 0.0483322 2.94826 0.241661 0.160572 0.647456
1 0.905297 0.959971 0.169163 0.676651 0.144997 0.216445 0.393003
1 0.915792 0.978521 0.0724983 2.31995 0.144997 0.192639 0.486155
1 0.949231 0.879424 0.12083 0.0483322 0.193329 0.22091 0.377636
1 0.972663 0.996095 0.0483322 0.579986 0.0966644 0.131666 0.838253
1 0.902612 0.820845 0.169163 1.11164 0.12083 0.350571 0.118559
1 0.984135 0.935319 0.0483322 2.65827 0.12083 0.149082 0.717458
1 0.939712 0.984379 0.144997 0.241661 0.0483322 0.164569 0.624739
1 0.960703 0.978277 0.0724983 0.918312 0.0483322 0.14838 0.72197
1 0.905297 0.959483 0.169163 1.78829 0.0241661 0.216763 0.391891
1 0.93361 0.87918 0.0483322 2.94826 0.144997 0.240793 0.316167
1 0.870637 0.81938 0.12083 2.94826 0.289993 0.414263 0.0671092
1 0.968025 0.9629 0.169163 1.88496 0.265827 0.149135 0.717114
1 0.967781 0.799854 0.0724983 0.773315 0.314159 0.274567 0.233809
1 0.915792 0.997803 0.0483322 2.65827 0.12083 0.182451 0.532488
1 0.984867 0.798389 0.0241661 2.89993 0.314159 0.254081 0.280774
1 0.915304 0.937271 0.169163 1.30497 0.12083 0.219033 0.38402
1 0.991945 0.994142 0.0241661 1.88496 0.0241661 0.118866 0.939819
1 0.937271 0.976568 0.144997 0.241661 0.0483322 0.170784 0.590992
1 0.968025 0.965829 0.0724983 2.36828 0.144997 0.147783 0.72583
1 0.928484 0.931413 0.12083 2.41661 0.144997 0.206921 0.427913
1 0.869173 0.905297 0.217495 2.60994 0.0724983 0.315431 0.16229
1 0.98145 0.635587 0.0483322 1.06331 0.579986 0.522543 0.0255041
1 0.966561 0.916036 0.0724983 2.31995 0.144997 0.1758 0.565092
1 0.939468 0.999024 0.0241661 1.88496 0.0241661 0.158126 0.661761
1 0.979497 0.864047 0.0724983 1.3533 0.217495 0.199072 0.458999
1 0.974371 0.727362 0.0483322 0.241661 0.0483322 0.362222 0.106838
1 0.91506 0.86185 0.0483322 1.06331 0.217495 0.2834 0.216066
1 0.979497 0.972419 0.314159 0.724983 0.0483322 0.135739 0.808298
1 0.968025 0.965829 0.0724983 1.78829 0.0724983 0.147783 0.725829
1 0.901391 0.953136 0.0966644 1.01498 0.0966644 0.226067 0.360629
1 0.899927 0.914816 0.241661 0.724983 0.144997 0.257152 0.273173
1 0.936783 0.955089 0.0483322 1.30497 0.43499 0.182838 0.530649
1 0.984135 0.931413 0.12083 2.41661 0.12083 0.151091 0.704691
1 0.931413 0.640957 0.0241661 2.56161 0.579986 0.611772 0.0114913
1 0.922626 0.949231 0.12083 1.98162 0.12083 0.202155 0.44653
1 0.913595 0.797169 0.144997 1.01498 0.241661 0.362066 0.106986
1 0.998536 0.756895 0.144997 0.0966644 0.217495 0.285744 0.211587
1 0.907493 0.866244 0.144997 1.06331 0.0241661 0.290623 0.202561
1 0.922626 0.909934 0.0966644 1.93329 0.144997 0.229816 0.348749
1 0.966317 0.953136 0.0966644 1.01498 0.0966644 0.155319 0.678568
1 0.869173 0.905297 0.217495 2.60994 0.169163 0.315431 0.16229
1 0.974371 0.749329 0.0966644 1.06331 0.0241661 0.329594 0.142999
1 0.922626 0.937759 0.241661 1.88496 0.217495 0.209645 0.417624
1 0.984867 0.81938 0.12083 2.94826 0.289993 0.232401 0.340788
1 0.915792 0.976568 0.0241661 1.88496 0.0241661 0.193734 0.481424
1 0.961191 0.83793 0.169163 1.88496 0.265827 0.243115 0.309676
1 0.968025 0.965829 0.0724983 2.36828 0.0724983 0.147783 0.725829
1 0.986087 0.640957 0.0241661 1.59496 0.459156 0.502261 0.0305712
1 0.991945 0.994386 0.0724983 0.918312 0.0483322 0.118785 0.9405
1 0.978277 0.976568 0.144997 0.241661 0.0483322 0.134974 0.813844
1 0.966561 0.955089 0.12083 2.94826 0.0724983 0.154137 0.685773
1 0.899683 0.937271 0.0966644 1.93329 0.144997 0.239742 0.31915
1 0.941421 0.996095 0.0483322 0.579986 0.0241661 0.157605 0.664845
1 0.998536 0.757383 0.169163 0.676651 0.144997 0.28512 0.212771
1 0.954845 0.864047 0.0724983 1.3533 0.217495 0.227058 0.35745
1 0.876251 0.984379 0.0966644 1.73996 0.0483322 0.239749 0.319131
1 0.905297 0.959483 0.169163 1.78829 0.12083 0.216763 0.391891
1 0.954845 0.827679 0.0724983 0.0483322 0.289993 0.261648 0.262416
1 0.935807 0.984379 0.0966644 1.73996 0.0483322 0.168369 0.603885
1 0.948255 0.953136 0.0966644 1.01498 0.0724983 0.17219 0.583615
1 0.939712 0.973151 0.12083 0.0483322 0.193329 0.17009 0.594667
1 0.939468 0.999268 0.0966644 1.06331 0.0483322 0.158019 0.66239
1 0.954845 0.827679 0.0966644 2.65827 0.12083 0.261648 0.262416
1 0.801562 0.786185 0.0241661 1.30497 0.338325 0.64419 0.00860143
1 0.964364 0.903832 0.0241661 1.88496 0.0241661 0.185891 0.516368
1 0.960703 0.944594 0.289993 1.98162 0.0966644 0.164854 0.62315
1 0.94435 0.909934 0.0966644 1.93329 0.144997 0.20337 0.441706
1 0.802294 0.972419 0.314159 0.724983 0.314159 0.384043 0.0879124
1 0.968025 0.965829 0.0724983 1.88496 0.0241661 0.147783 0.725829
1 0.980229 0.920186 0.0483322 1.06331 0.217495 0.160572 0.647456
1 0.915792 0.976568 0.144997 0.193329 0.410824 0.193734 0.481424
1 0.960703 0.980474 0.0483322 0.579986 0.0241661 0.147419 0.728196
1 0.968025 0.976568 0.144997 0.241661 0.0483322 0.143031 0.757309
1 0.980229 0.920186 0.0483322 2.65827 0.12083 0.160572 0.647456
1 0.905297 0.959483 0.169163 1.78829 0.0483322 0.216763 0.391891
1 0.972663 0.996095 0.0483322 0.579986 0.0241661 0.131666 0.838253
1 0.959971 0.953136 0.0966644 1.01498 0.0966644 0.161024 0.644844
1 0.928484 0.931413 0.0483322 0.144997 0.483322 0.206921 0.427913
1 0.989016 0.996095 0.0483322 0.579986 0.0241661 0.120149 0.929109
1 0.968025 0.965829 0.0724983 2.36828 0.0724983 0.147783 0.725829
1 0.936783 0.955089 0.12083 2.94826 0.0724983 0.182838 0.530649
1 0.984867 0.798389 0.169163 1.30497 0.0241661 0.254081 0.280773
1 0.921406 0.959483 0.169163 1.78829 0.0724983 0.197245 0.466556
1 0.980229 0.920186 0.0483322 2.94826 0.12083 0.160572 0.647456
1 0.38516 0.918965 0.193329 1.69163 0.338325 3.88886 2.20753e-15
1 0.812302 0.711496 0.314159 0.579986 0.289993 0.766159 0.00289255
1 0.915792 0.961679 0.0724983 1.15997 0.0724983 0.202476 0.445251
1 0.939712 0.984379 0.0966644 1.73996 0.0483322 0.164569 0.624739
1 0.984135 0.935319 0.0483322 0.338325 0.0966644 0.149082 0.717458
1 0.796436 0.908714 0.338325 0.579986 0.169163 0.468719 0.0412545
1 0.885038 0.918965 0.193329 2.22328 0.144997 0.276219 0.230383
1 0.936783 0.9629 0.0724983 2.31995 0.144997 0.178466 0.551788
1 0.972663 0.670735 0.0241661 1.4983 0.531654 0.464777 0.0427334
1 0.960703 0.978277 0.0724983 1.4983 0.0724983 0.14838 0.72197
1 0.902612 0.820845 0.169163 1.11164 0.289993 0.350571 0.118559
1 0.983891 0.939224 0.144997 0.338325 0.0966644 0.14732 0.728841
1 0.984135 0.935319 0.0483322 2.65827 0.12083 0.149082 0.717458
1 0.980229 0.920186 0.0483322 2.94826 0.144997 0.160572 0.647456
1 0.939712 0.988284 0.0483322 0.579986 0.0241661 0.162733 0.635072
1 0.960703 0.978277 0.0724983 0.918312 0.0483322 0.14838 0.72197
1 0.959971 0.799854 0.217495 3.04493 0.0724983 0.28531 0.212408
1 0.939468 0.999268 0.0966644 1.06331 0.0241661 0.158019 0.66239
1 0.964364 0.903832 0.0724983 0.43499 0.169163 0.185891 0.516368
1 0.939468 0.999268 0.0966644 1.06331 0.0241661 0.158019 0.66239
1 0.972663 0.996095 0.0483322 1.06331 0.362491 0.131666 0.838253
1 0.922626 0.949963 0.0724983 1.15997 0.0724983 0.201692 0.448379
1 0.991945 0.994142 0.0241661 2.36828 0.0724983 0.118866 0.939819
1 0.802783 0.987796 0.0483322 0.579986 0.0241661 0.368596 0.100923
1 0.900659 0.786185 0.0241661 1.30497 0.338325 0.401507 0.0752111
1 0.972663 0.996095 0.0483322 0.338325 0.0966644 0.131666 0.838253
1 0.972663 0.996095 0.0483322 0.579986 0.0241661 0.131666 0.838253
1 0.968025 0.965829 0.0724983 2.36828 0.0724983 0.147783 0.725829
1 0.892604 0.985843 0.169163 1.30497 0.0724983 0.216542 0.392666
1 0.991945 0.992189 0.0966644 1.01498 0.0966644 0.119519 0.93435
1 0.824506 0.944594 0.289993 1.98162 0.0966644 0.362905 0.106187
1 0.985355 0.781059 0.169163 1.30497 0.12083 0.27314 0.23681
1 0.966561 0.916036 0.0724983 2.60994 0.0241661 0.1758 0.565092
1 0.939712 0.83793 0.169163 1.88496 0.265827 0.271814 0.239632
1 0.979985 0.798389 0.0241661 2.89993 0.314159 0.260218 0.26579
1 0.980229 0.875275 0.241661 1.88496 0.217495 0.18976 0.498824
1 0.94435 0.909934 0.0966644 1.01498 0.0966644 0.20337 0.441706
1 0.954113 0.864047 0.0724983 2.65827 0.12083 0.22795 0.354611
1 0.991945 0.98804 0.0966644 1.93329 0.144997 0.120936 0.922594
1 0.972663 0.996095 0.0483322 0.579986 0.0241661 0.131666 0.838253
1 0.939468 0.999268 0.0966644 1.06331 0.217495 0.158019 0.66239
1 0.902612 0.820845 0.12083 2.41661 0.12083 0.350571 0.118559
1 0.774469 0.903832 0.0724983 0.43499 0.169163 0.535509 0.0227142
1 0.960703 0.978277 0.0724983 0.966644 0.144997 0.14838 0.72197
1 0.80083 0.996095 0.0483322 0.579986 0.0241661 0.365454 0.103796
1 0.988772 0.999268 0.0966644 1.06331 0.0241661 0.119262 0.936498
1 0.985355 0.777642 0.0241661 1.06331 0.362491 0.277218 0.228336
1 0.948743 0.711252 0.0241661 1.59496 0.459156 0.432216 0.0571631
1 0.921406 0.949231 0.0483322 0.579986 0.0241661 0.203592 0.44083
1 0.936783 0.909934 0.0966644 1.93329 0.144997 0.212199 0.408201
1 0.94435 0.909934 0.0724983 0.773315 0.314159 0.20337 0.441706
1 0.960703 0.978277 0.0724983 1.40163 0.144997 0.14838 0.72197
1 0.905297 0.959483 0.169163 1.98162 0.0966644 0.216763 0.391891
1 0.974371 0.727362 0.0724983 0.918312 0.0483322 0.362222 0.106838
1 0.980229 0.903832 0.0724983 0.43499 0.169163 0.17033 0.593395
1 0.922626 0.966561 0.0483322 2.65827 0.12083 0.191689 0.4903
1 0.94435 0.909934 0.0966644 0.43499 0.169163 0.20337 0.441706
1 0.847693 0.996095 0.0483322 0.579986 0.0241661 0.275871 0.231101
1 0.984135 0.978277 0.0724983 0.918312 0.0483322 0.12995 0.851206
1 0.963144 0.918965 0.193329 2.02995 0.144997 0.177352 0.557308
1 0.936783 0.955089 0.144997 2.65827 0.12083 0.182838 0.530649
1 0.93361 0.879424 0.0241661 1.88496 0.0241661 0.240581 0.316767
1 0.985355 0.777642 0.0241661 1.06331 0.362491 0.277218 0.228336
1 0.898706 0.83671 0.0724983 1.15997 0.0724983 0.337932 0.132733
1 0.991945 0.994142 0.0241661 1.88496 0.338325 0.118866 0.939819
1 0.984867 0.798389 0.169163 1.88496 0.265827 0.254081 0.280773
1 0.85526 0.875275 0.0241661 1.59496 0.459156 0.374216 0.0959805
1 0.991945 0.994874 0.12083 2.41661 0.12083 0.118624 0.941859
1 0.954113 0.864047 0.0724983 1.54663 0.0724983 0.22795 0.354611
1 0.985355 0.777642 0.0483322 2.65827 0.12083 0.277218 0.228336
1 0.939712 0.984379 0.0966644 1.73996 0.0483322 0.164569 0.624739
1 0.968025 0.961679 0.0724983 1.15997 0.0724983 0.149706 0.713467
1 0.905297 0.959483 0.169163 1.78829 0.0724983 0.216763 0.391891
1 0.979985 0.903832 0.0724983 0.43499 0.169163 0.170558 0.592187
1 0.979497 0.820845 0.169163 1.11164 0.289993 0.237319 0.326135
1 0.913595 0.798389 0.0241661 2.89993 0.314159 0.360417 0.108574
1 0.923114 0.905785 0.314159 1.25664 0.169163 0.232442 0.340662
1 0.962167 0.937271 0.169163 1.30497 0.12083 0.167504 0.60857
1 0.985355 0.773493 0.144997 0.241661 0.0483322 0.28226 0.218277
1 0.984135 0