mutation probability per bit=0.01
bias fitness=1e-99
number of Individuals per Generation=1000
number of Generations=100
Generation x y theta psi phi lattice_sum fitness
0 0.775288 0.592649 0.372707 0.745415 0.655313 1.35645e-09 0
0 0.0822338 0.123167 1.4451 1.31063 1.38176 19.3932 0
0 0.299097 0.41123 1.10954 2.8902 0.93603 0.445597 0
0 0.524227 0.563779 0.761185 2.76352 0.699984 0.000321756 0
0 0.152018 0.146749 1.33712 2.21908 1.34527 7.68026 0
0 0.343135 0.0742865 1.0414 1.87206 1.4574 5.90789 0
0 0.333402 0.407975 1.05646 1.52237 0.941066 0.315687 0
0 0.708459 0.371178 0.476114 1.39997 0.998003 0.00198547 0
0 0.0556178 0.945341 1.48628 2.67424 0.109576 7.15057 0
0 0.36702 0.810566 1.00444 2.69055 0.318119 0.000289511 0
0 0.683876 0.956298 0.514153 2.08279 0.0926225 5.42108e-19 0
0 0.993567 0.788607 0.0349534 2.91479 0.352097 4.35071e-27 0
0 0.187107 0.950871 1.28283 2.11291 0.10102 0.147294 0
0 0.793751 0.220621 0.344138 1.88213 1.23097 0.0931645 0
0 0.406826 0.191418 0.942844 0.952227 1.27615 1.27606 0
0 0.806127 0.746081 0.324988 1.99601 0.4179 3.90394e-16 0
0 0.830826 0.769184 0.28677 2.97257 0.382151 3.66967e-18 0
0 0.44897 0.237498 0.877632 0.219152 1.20485 0.662818 0
0 0.00599864 0.463394 1.56306 2.00887 0.855313 116.795 0
0 0.0334412 0.674369 1.5206 0.636239 0.528864 25.497 0
0 0.698498 0.597252 0.491527 1.02831 0.64819 5.52898e-08 0
0 0.46759 0.321686 0.848821 0.185245 1.07459 0.208408 0
0 0.522817 0.559486 0.763365 0.0699067 0.706627 0.000384719 0
0 0.146469 0.270575 1.34571 0.704195 1.15367 4.11376 0
0 0.14813 0.160954 1.34314 2.56565 1.32329 7.28395 0
0 0.91831 0.670927 0.151403 0.20204 0.534188 6.53277e-17 0
0 0.720372 0.488102 0.45768 0.688276 0.817081 8.5447e-06 0
0 0.485489 0.824256 0.821126 2.46193 0.296937 2.22201e-07 0
0 0.0872955 0.0803434 1.43727 1.88569 1.44802 20.3173 0
0 0.51484 0.493365 0.77571 2.55231 0.808938 0.00315537 0
0 0.510628 0.830442 0.782226 0.649977 0.287365 3.10353e-08 0
0 0.402597 0.794546 0.949387 0.8358 0.342908 7.21499e-05 0
0 0.793163 0.942812 0.345048 0.57354 0.113489 1.03571e-24 0
0 0.188051 0.351447 1.28136 0.764302 1.02854 1.7891 0
0 0.892037 0.144408 0.192055 1.75526 1.3489 0.383135 0
0 0.944618 0.595554 0.110695 2.40971 0.650816 3.59917e-14 0
0 0.597432 0.69132 0.647911 3.12612 0.502633 7.81089e-08 0
0 0.506033 0.74787 0.789336 1.71063 0.415132 1.20498e-06 0
0 0.331471 0.925945 1.05944 3.0412 0.139589 0.000195974 0
0 0.432234 0.47247 0.903529 1.05773 0.841271 0.0308899 0
0 0.291853 0.774807 1.12075 0.983055 0.373451 0.0124326 0
0 0.130374 0.0753049 1.37061 1.29638 1.45582 14.2016 0
0 0.748599 0.518142 0.414004 1.69764 0.770601 5.8483e-07 0
0 0.67545 0.567774 0.52719 2.14917 0.693802 8.19705e-07 0
0 0.692519 0.474009 0.500779 1.52673 0.838888 4.18116e-05 0
0 0.365133 0.115933 1.00736 1.41325 1.39296 3.18713 0
0 0.455279 0.236703 0.86787 2.69141 1.20608 0.645393 0
0 0.415581 0.670714 0.929297 2.30734 0.534518 0.000845007 0
0 0.449364 0.122612 0.877023 2.68627 1.38262 2.21695 0
0 0.948861 0.275925 0.104129 2.64658 1.14539 0.00210897 0
0 0.683523 0.833537 0.514698 0.302806 0.282575 1.59793e-14 0
0 0.480651 0.93582 0.828611 1.06838 0.124308 3.45307e-09 0
0 0.610768 0.824149 0.627276 0.91536 0.297102 1.982e-11 0
0 0.937724 0.579722 0.121362 1.63416 0.675314 2.92856e-13 0
0 0.373189 0.531422 0.994892 1.64225 0.750051 0.039167 0
0 0.821054 0.508691 0.301891 0.593874 0.785224 5.31007e-08 0
0 0.199661 0.84725 1.2634 2.87454 0.261357 0.153631 0
0 0.0477655 0.175513 1.49843 2.89605 1.30076 31.548 0
0 0.234098 0.984194 1.21011 1.55142 0.0494573 0.0182793 0
0 0.563365 0.382656 0.700625 1.61788 0.980244 0.0191759 0
0 0.334883 0.81955 1.05416 1.56445 0.304218 0.00109778 0
0 0.378636 0.680043 0.986464 0.574729 0.520083 0.00264139 0
0 0.989993 0.134589 0.040484 1.89877 1.36409 0.340499 0
0 0.202342 0.809414 1.25925 0.685816 0.319902 0.17247 0
0 0.0177198 0.971764 1.54493 0.690096 0.0686902 53.1722 0
0 0.620903 0.402262 0.611593 0.226978 0.949907 0.00390643 0
0 0.994044 0.834325 0.0342158 2.56273 0.281355 2.68457e-30 0
0 0.553796 0.967463 0.71543 2.05707 0.0753458 7.78645e-13 0
0 0.728127 0.62699 0.445681 0.38411 0.602175 1.77638e-09 0
0 0.99229 0.467086 0.0369302 2.69779 0.849602 9.36739e-10 0
0 0.555833 0.374448 0.712279 0.221391 0.992945 0.0262872 0
0 0.822973 0.682034 0.298922 1.30163 0.517003 4.15421e-14 0
0 0.122163 0.66923 1.38332 1.29582 0.536815 1.88839 0
0 0.685678 0.731845 0.511364 1.00527 0.439927 2.31695e-11 0
0 0.765498 0.864086 0.387856 1.57867 0.235306 1.99353e-19 0
0 0.893321 0.685315 0.190069 0.830264 0.511926 1.0564e-16 0
0 0.249467 0.503505 1.18633 2.11889 0.793249 0.421313 0
0 0.4169 0.0440293 0.927256 0.279179 1.50422 8.16469 0
0 0.474323 0.826905 0.838403 1.80706 0.292837 4.17209e-07 0
0 0.521608 0.211579 0.765236 1.68254 1.24496 0.607017 0
0 0.706382 0.0940038 0.479328 2.24149 1.42689 1.66925 0
0 0.522197 0.515998 0.764326 0.746902 0.773917 0.00140557 0
0 0.654917 0.171946 0.558962 2.74122 1.30628 0.575279 0
0 0.159224 0.392121 1.32597 2.91164 0.965597 2.14324 0
0 0.493349 0.237163 0.808964 0.828009 1.20537 0.517108 0
0 0.49747 0.806299 0.802586 1.5412 0.324722 2.05959e-07 0
0 0.708122 0.595651 0.476635 1.05438 0.650667 3.75413e-08 0
0 0.680569 0.248572 0.519269 1.3876 1.18772 0.114347 0
0 0.441233 0.549837 0.889605 1.00156 0.721558 0.00555749 0
0 0.650068 0.596746 0.566466 1.67778 0.648972 5.82779e-07 0
0 0.168815 0.375642 1.31113 2.01472 0.991097 2.01465 0
0 0.236318 0.0219773 1.20668 2.78591 1.53834 13.335 0
0 0.869016 0.685768 0.227677 1.73574 0.511225 7.53575e-16 0
0 0.615454 0.129466 0.620026 2.41216 1.37202 1.22447 0
0 0.931012 0.0671569 0.131748 1.85859 1.46843 1.83484 0
0 0.30211 0.233565 1.10487 1.06904 1.21094 1.51228 0
0 0.520451 0.0156632 0.767027 1.75405 1.54811 12.3289 0
0 0.337767 0.727518 1.0497 2.76524 0.446623 0.00479303 0
0 0.686703 0.286635 0.509778 0.208258 1.12882 0.0415372 0
0 0.604906 0.627308 0.636346 2.29078 0.601682 1.11568e-06 0
0 0.736835 0.0975771 0.432207 1.0294 1.42136 1.46523 0
0 0.337422 0.331204 1.05024 0.56515 1.05986 0.587214 0
0 0.87459 0.972993 0.219053 1.65722 0.066789 7.22653e-32 0
0 0.54193 0.406415 0.733792 0.248617 0.94348 0.0156422 0
0 0.436812 0.50628 0.896446 1.25455 0.788954 0.0150325 0
0 0.384737 0.236422 0.977023 0.594203 1.20652 0.94863 0
0 0.790754 0.0715824 0.348775 0.242724 1.46158 2.13132 0
0 0.393882 0.874995 0.962874 1.35063 0.218426 1.42491e-05 0
0 0.453694 0.791309 0.870323 1.98978 0.347916 5.05362e-06 0
0 0.213857 0.833782 1.24143 1.5001 0.282197 0.104726 0
0 0.752975 0.413059 0.407232 0.603782 0.9332 0.000125855 0
0 0.781432 0.827739 0.363201 1.57045 0.291547 1.35241e-18 0
0 0.868085 0.715477 0.229118 2.5268 0.465255 3.5297e-17 0
0 0.814835 0.886859 0.311514 0.522714 0.200068 4.18381e-23 0
0 0.730422 0.512082 0.44213 2.99687 0.779977 1.67933e-06 0
0 0.839934 0.220912 0.272677 2.60153 1.23052 0.0639443 0
0 0.560985 0.967582 0.704307 2.42023 0.0751612 3.63179e-13 0
0 0.00679087 0.24757 1.56184 0.0989146 1.18927 115.837 0
0 0.294501 0.511946 1.11665 1.40125 0.780188 0.206585 0
0 0.81 0.278131 0.318996 1.96049 1.14198 0.0124975 0
0 0.228358 0.609227 1.219 2.10833 0.629661 0.302024 0
0 0.563578 0.49765 0.700295 0.608436 0.802308 0.000767113 0
0 0.795133 0.0625578 0.342 1.97293 1.47555 2.56331 0
0 0.0206829 0.518349 1.54034 1.04017 0.77028 60.1361 0
0 0.197741 0.333848 1.26637 0.0809679 1.05577 1.75874 0
0 0.574958 0.374427 0.682686 2.72818 0.992977 0.0194211 0
0 0.93234 0.761316 0.129693 2.5185 0.394325 2.63155e-22 0
0 0.749927 0.02261 0.411949 0.639805 1.53736 8.70672 0
0 0.878382 0.184033 0.213185 3.08985 1.28758 0.146671 0
0 0.666645 0.0552755 0.540815 0.13738 1.48681 3.80966 0
0 0.289004 0.192441 1.12516 1.22319 1.27457 2.18793 0
0 0.201722 0.0707091 1.26021 1.89981 1.46293 10.0172 0
0 0.252291 0.970221 1.18196 0.0684316 0.0710787 0.00844895 0
0 0.789101 0.178124 0.351334 0.562711 1.29672 0.27808 0
0 0.827107 0.0632761 0.292525 1.43086 1.47443 2.38667 0
0 0.0706155 0.667136 1.46308 0.150692 0.540055 6.35796 0
0 0.839636 0.194226 0.273138 0.891361 1.27181 0.140018 0
0 0.432952 0.609665 0.902419 1.20435 0.628983 0.00188451 0
0 0.18527 0.447989 1.28567 0.0738604 0.879151 1.23683 0
0 0.139427 0.670847 1.3566 1.6992 0.534314 1.3106 0
0 0.249895 0.705117 1.18567 1.42456 0.481286 0.0937287 0
0 0.591982 0.251171 0.656344 1.98589 1.1837 0.219506 0
0 0.642449 0.115691 0.578254 0.597844 1.39333 1.38472 0
0 0.229736 0.0943709 1.21686 1.03401 1.42632 7.04994 0
0 0.402503 0.468566 0.949534 2.76663 0.847311 0.0570523 0
0 0.608945 0.156446 0.630096 1.07363 1.33027 0.860587 0
0 0.320241 0.48412 1.07682 1.02273 0.823244 0.180996 0
0 0.390872 0.946164 0.967531 0.879855 0.108303 2.75971e-06 0
0 0.0349702 0.350553 1.51823 0.775712 1.02992 36.4339 0
0 0.426552 0.743362 0.912321 0.470612 0.422107 8.60406e-05 0
0 0.039892 0.7665 1.51062 0.380139 0.386304 16.4802 0
0 0.915218 0.749511 0.156187 1.02385 0.412593 7.3344e-21 0
0 0.059768 0.384034 1.47986 2.37267 0.978111 15.0724 0
0 0.565817 0.299881 0.696831 1.5865 1.10832 0.112396 0
0 0.561208 0.355609 0.703962 1.85451 1.02209 0.0372656 0
0 0.95929 0.419593 0.0879922 3.00843 0.923089 1.83986e-07 0
0 0.454726 0.330834 0.868726 1.67681 1.06043 0.208272 0
0 0.181268 0.0077066 1.29186 0.585675 1.56042 14.5421 0
0 0.917039 0.754599 0.153369 1.53047 0.404719 3.19458e-21 0
0 0.61963 0.311976 0.613563 2.48992 1.08961 0.0476581 0
0 0.166296 0.0904033 1.31503 0.958656 1.43246 10.2149 0
0 0.908511 0.888258 0.166565 2.85378 0.197903 1.04275e-28 0
0 0.763885 0.197564 0.390351 1.52865 1.26664 0.205288 0
0 0.630585 0.0531415 0.596613 1.54783 1.49012 4.28753 0
0 0.0479963 0.954408 1.49808 1.11792 0.0955472 9.42557 0
0 0.532647 0.806718 0.748155 2.61257 0.324074 1.91552e-08 0
0 0.0391873 0.891215 1.51171 2.65194 0.193328 14.7736 0
0 0.640661 0.832658 0.58102 1.93119 0.283935 8.75545e-13 0
0 0.62069 0.350744 0.611923 1.61793 1.02962 0.0174865 0
0 0.777004 0.850405 0.370051 2.41074 0.256475 2.18331e-19 0
0 0.829405 0.307151 0.288969 1.60517 1.09708 0.00303743 0
0 0.241498 0.670787 1.19866 0.649445 0.534406 0.151341 0
0 0.0964735 0.2015 1.42307 0.953271 1.26055 11.8545 0
0 0.109214 0.99068 1.40335 1.30133 0.0394206 1.46191 0
0 0.00159357 0.0653127 1.56988 1.03854 1.47128 125.431 0
0 0.9889 0.861008 0.0421753 2.37544 0.240069 6.54749e-32 0
0 0.0720562 0.650103 1.46085 1.77921 0.566411 6.27545 0
0 0.978723 0.23982 0.0579231 1.44312 1.20126 0.00809842 0
0 0.103535 0.664289 1.41214 1.13293 0.544461 2.85104 0
0 0.450078 0.979604 0.875918 1.29794 0.0565593 1.0411e-08 0
0 0.87789 0.905805 0.213946 2.62226 0.170752 6.9009e-28 0
0 0.611345 0.144235 0.626382 1.98219 1.34916 1.01012 0
0 0.0334028 0.613178 1.52066 2.41336 0.623546 27.6329 0
0 0.887896 0.424316 0.198464 3.07667 0.915781 1.36988e-06 0
0 0.155273 0.752358 1.33208 0.455353 0.408188 0.745665 0
0 0.233059 0.658038 1.21172 1.02245 0.554133 0.200112 0
0 0.568066 0.470707 0.69335 1.24005 0.843998 0.00156992 0
0 0.188248 0.459084 1.28106 2.74403 0.861982 1.13913 0
0 0.0370696 0.0272318 1.51498 0.263496 1.53021 44.1663 0
0 0.154466 0.969345 1.33333 2.93686 0.0724342 0.416496 0
0 0.703739 0.755102 0.483418 2.20975 0.403941 1.08995e-12 0
0 0.4113 0.664184 0.935921 2.42188 0.544622 0.00114832 0
0 0.809804 0.223655 0.319299 1.53405 1.22627 0.0752367 0
0 0.369077 0.858 1.00126 3.09621 0.244723 9.07342e-05 0
0 0.148721 0.38783 1.34222 2.09941 0.972237 2.51959 0
0 0.706294 0.196496 0.479465 0.893246 1.2683 0.292335 0
0 0.940703 0.638772 0.116753 1.01956 0.583944 4.1667e-16 0
0 0.290244 0.844554 1.12324 2.25764 0.265528 0.00535465 0
0 0.029351 0.722215 1.52693 1.27269 0.454829 30.1928 0
0 0.613386 0.668776 0.623224 1.20336 0.537518 9.83503e-08 0
0 0.636569 0.786035 0.587353 0.864414 0.356077 2.67794e-11 0
0 0.722468 0.493216 0.454438 2.84272 0.809169 6.11869e-06 0
0 0.762296 0.554558 0.39281 2.10047 0.714252 3.46654e-08 0
0 0.419601 0.643785 0.923076 2.11971 0.576188 0.00135494 0
0 0.737935 0.750496 0.430504 0.438105 0.411069 9.56372e-14 0
0 0.858323 0.231599 0.244223 0.133578 1.21398 0.0384469 0
0 0.967642 0.847235 0.0750687 1.46758 0.26138 1.29387e-29 0
0 0.134586 0.0175583 1.36409 1.88696 1.54517 16.4461 0
0 0.349661 0.86236 1.0313 1.79289 0.237976 0.000234865 0
0 0.489698 0.431526 0.814612 1.57791 0.904625 0.0229978 0
0 0.666698 0.600674 0.540733 1.95405 0.642895 2.16791e-07 0
0 0.534911 0.388755 0.744653 2.41304 0.970807 0.0264861 0
0 0.347458 0.00257174 1.03471 0.69755 1.56836 13.9778 0
0 0.902776 0.115009 0.17544 2.92316 1.39439 0.707483 0
0 0.986898 0.997169 0.0452732 1.92575 0.0293798 2.82502e-42 1.07088e-05
0 0.321997 0.407995 1.0741 0.436851 0.941034 0.358109 0
0 0.601684 0.443942 0.641332 1.74065 0.885412 0.00159355 0
0 0.488701 0.537202 0.816155 0.695832 0.741107 0.00203121 0
0 0.649883 0.326393 0.566751 2.48287 1.0673 0.0222317 0
0 0.157393 0.343094 1.3288 0.564393 1.04146 2.64209 0
0 0.486357 0.432805 0.819782 0.814464 0.902645 0.0238066 0
0 0.374405 0.132654 0.993011 1.8664 1.36708 2.56872 0
0 0.115558 0.401123 1.39354 0.726401 0.951669 4.11591 0
0 0.501867 0.209407 0.795783 0.583094 1.24832 0.686982 0
0 0.687931 0.502559 0.507878 0.458235 0.794712 1.28844e-05 0
0 0.833403 0.375126 0.282782 0.93051 0.991895 0.000113846 0
0 0.412164 0.558222 0.934584 0.623029 0.708583 0.010047 0
0 0.111386 0.528641 1.39999 0.400135 0.754355 3.1979 0
0 0.393155 0.175232 0.963998 0.88426 1.3012 1.57276 0
0 0.989993 0.329888 0.0404837 1.55995 1.06189 4.66551e-05 0
0 0.803153 0.116449 0.329589 0.545354 1.39216 0.895185 0
0 0.310351 0.643895 1.09212 2.46104 0.576017 0.0370104 0
0 0.426204 0.820009 0.912859 1.40861 0.303508 9.9428e-06 0
0 0.733639 0.91107 0.437152 0.150322 0.162605 7.92158e-20 0
0 0.769493 0.748793 0.381674 3.12367 0.413704 7.63197e-15 0
0 0.0620687 0.954848 1.4763 2.37854 0.094865 5.69327 0
0 0.233413 0.690758 1.21117 2.2333 0.503503 0.15792 0
0 0.0522306 0.165548 1.49152 1.56038 1.31618 29.0712 0
0 0.635045 0.774304 0.589712 0.637992 0.37423 6.31542e-11 0
0 0.50733 0.229273 0.78733 2.28396 1.21758 0.525882 0
0 0.244427 0.797892 1.19413 2.43799 0.33773 0.0497838 0
0 0.786912 0.890156 0.354721 1.25932 0.194967 9.81239e-22 0
0 0.530094 0.697159 0.752106 1.40059 0.493599 2.34248e-06 0
0 0.234012 0.456127 1.21025 1.60462 0.866558 0.672256 0
0 0.519623 0.0733139 0.768308 0.684 1.4589 3.65245 0
0 0.351961 0.427439 1.02774 2.95109 0.910949 0.208261 0
0 0.948319 0.375356 0.104969 3.08068 0.991538 6.28448e-06 0
0 0.573269 0.268375 0.6853 1.54056 1.15708 0.187676 0
0 0.140694 0.143412 1.35464 2.53274 1.35044 8.82202 0
0 0.846865 0.834863 0.261952 2.11153 0.280524 3.90716e-22 0
0 0.097353 0.153052 1.42171 1.36537 1.33552 14.286 0
0 0.153347 0.765577 1.33506 1.98595 0.387733 0.751532 0
0 0.999871 0.281461 0.0251992 0.259386 1.13683 0.000726827 0
0 0.18133 0.830248 1.29176 0.788651 0.287665 0.289982 0
0 0.089977 0.160261 1.43312 0.823897 1.32437 15.4472 0
0 0.67605 0.00413284 0.526263 3.07472 1.56595 13.7842 0
0 0.114272 0.0755462 1.39553 0.42637 1.45545 16.0596 0
0 0.848085 0.464533 0.260064 2.57516 0.853552 3.63477e-07 0
0 0.258338 0.39377 1.17261 1.08163 0.963046 0.746105 0
0 0.966525 0.0578465 0.0767971 2.97363 1.48284 2.17019 0
0 0.856055 0.742294 0.247733 2.25031 0.42376 5.81695e-18 0
0 0.415065 0.464352 0.930096 2.54914 0.853831 0.0487248 0
0 0.357143 0.276878 1.01972 2.52042 1.14392 0.79259 0
0 0.378763 0.262486 0.986268 2.92586 1.16619 0.78296 0
0 0.185638 0.0437128 1.2851 2.36392 1.5047 12.7996 0
0 0.564149 0.40715 0.699412 0.142157 0.942342 0.0102267 0
0 0.813627 0.849727 0.313382 0.702668 0.257524 3.48834e-21 0
0 0.7385 0.811747 0.429631 2.59345 0.316292 4.94061e-16 0
0 0.986076 0.655765 0.0465444 0.585049 0.557651 1.3856e-18 0
0 0.579094 0.294981 0.676286 2.94887 1.11591 0.108099 0
0 0.996671 0.232746 0.0301508 2.92615 1.21221 0.00920604 0
0 0.438471 0.947309 0.893878 1.08011 0.106531 7.32316e-08 0
0 0.082015 0.545854 1.44544 0.546277 0.727719 5.83831 0
0 0.618052 0.636698 0.616005 2.54362 0.587152 3.76606e-07 0
0 0.66192 0.579651 0.548126 1.80484 0.675425 8.08532e-07 0
0 0.853209 0.432443 0.252136 1.25797 0.903206 2.4478e-06 0
0 0.377903 0.665331 0.987598 2.57134 0.542848 0.00359497 0
0 0.582979 0.101692 0.670275 1.7583 1.41499 1.98974 0
0 0.6414 0.747645 0.579877 2.7132 0.415479 2.06086e-10 0
0 0.700538 0.504066 0.488371 1.06863 0.792381 7.68661e-06 0
0 0.20493 0.588622 1.25525 2.37134 0.661544 0.509797 0
0 0.593419 0.297139 0.65412 0.962572 1.11257 0.0892851 0
0 0.62944 0.870582 0.598384 1.31269 0.225254 1.81985e-13 0
0 0.376752 0.486339 0.989379 2.36739 0.81981 0.0696632 0
0 0.605911 0.593009 0.634791 1.15651 0.654755 4.9443e-06 0
0 0.795867 0.818493 0.340864 2.78666 0.305853 7.45235e-19 0
0 0.771936 0.784913 0.377893 2.43373 0.357814 2.27667e-16 0
0 0.311707 0.663333 1.09003 2.85264 0.54594 0.027941 0
0 0.315348 0.309105 1.08439 1.89907 1.09405 0.818606 0
0 0.933349 0.467503 0.128132 1.69462 0.848956 1.07711e-08 0
0 0.466234 0.0822759 0.85092 1.26019 1.44503 3.62043 0
0 0.867591 0.394236 0.229882 2.66054 0.962325 1.66067e-05 0
0 0.288703 0.948873 1.12562 2.15364 0.104111 0.00158147 0
0 0.30487 0.941872 1.10061 1.64649 0.114944 0.000708809 0
0 0.89452 0.508985 0.188214 1.93506 0.784769 1.98755e-09 0
0 0.60855 0.47336 0.630708 0.216606 0.839893 0.000498016 0
0 0.417676 0.0143641 0.926055 3.03647 1.55012 13.05 0
0 0.796955 0.0847859 0.33918 2.05984 1.44115 1.62312 0
0 0.547062 0.992846 0.72585 1.82464 0.0360692 5.09411e-13 0
0 0.315797 0.201412 1.0837 0.844215 1.26069 1.78682 0
0 0.837314 0.996217 0.27673 3.02123 0.0308529 1.92248e-30 0
0 0.269781 0.992248 1.1549 0.772609 0.0369945 0.00292709 0
0 0.60839 0.512126 0.630956 0.312375 0.779908 0.000121623 0
0 0.0971067 0.289658 1.42209 0.825186 1.12414 8.29085 0
0 0.177933 0.298441 1.29702 2.95972 1.11055 2.52075 0
0 0.22069 0.0804042 1.23086 1.95622 1.44793 8.47765 0
0 0.807641 0.172039 0.322646 1.39366 1.30614 0.291011 0
0 0.742146 0.556758 0.423988 2.21665 0.710847 7.69635e-08 0
0 0.185956 0.659022 1.28461 1.40792 0.55261 0.527543 0
0 0.553783 0.411446 0.715451 2.04419 0.935695 0.0111257 0
0 0.871843 0.406556 0.223303 0.175984 0.943262 6.99351e-06 0
0 0.285808 0.49416 1.1301 1.84618 0.807708 0.273429 0
0 0.461049 0.396112 0.858943 1.73745 0.959423 0.0712143 0
0 0.352072 0.941875 1.02757 2.12086 0.114939 4.17999e-05 0
0 0.317276 0.447865 1.08141 2.58372 0.879343 0.266255 0
0 0.288081 0.844517 1.12658 3.12084 0.265586 0.00587479 0
0 0.741792 0.118817 0.424537 0.306738 1.38849 1.01102 0
0 0.52365 0.0194929 0.762077 0.809438 1.54218 11.5277 0
0 0.216233 0.872662 1.23776 1.22713 0.222035 0.0760067 0
0 0.0961734 0.193517 1.42353 2.17922 1.27291 12.3134 0
0 0.208354 0.512447 1.24995 2.63005 0.779413 0.695284 0
0 0.849842 0.660803 0.257345 2.86492 0.549854 4.02403e-14 0
0 0.0651436 0.539872 1.47154 0.33313 0.736976 9.23501 0
0 0.698703 0.0366392 0.49121 0.395805 1.51565 5.87984 0
0 0.525894 0.617439 0.758606 0.780702 0.616953 5.27295e-05 0
0 0.151543 0.747381 1.33785 2.53329 0.415888 0.824819 0
0 0.615459 0.942797 0.620017 1.19323 0.113512 4.842e-15 0
0 0.025905 0.85979 1.53226 2.98023 0.241953 32.4 0
0 0.776307 0.536611 0.37113 2.99615 0.742022 5.81469e-08 0
0 0.778331 0.513054 0.367998 0.191094 0.778473 2.37535e-07 0
0 0.278675 0.981683 1.14114 1.49631 0.0533428 0.00197225 0
0 0.886158 0.684545 0.201152 0.648147 0.513117 2.08809e-16 0
0 0.470291 0.179172 0.844642 3.02341 1.2951 1.10348 0
0 0.0916463 0.181461 1.43054 0.386655 1.29156 13.8977 0
0 0.225648 0.464497 1.22319 1.16204 0.853608 0.708036 0
0 0.335724 0.631886 1.05286 0.567871 0.594599 0.0222371 0
0 0.588934 0.111837 0.66106 1.22385 1.39929 1.69106 0
0 0.467848 0.881955 0.848422 2.05924 0.207657 8.13302e-08 0
0 0.824899 0.437341 0.295941 0.740103 0.895628 4.45374e-06 0
0 0.390318 0.562502 0.968388 0.512951 0.70196 0.0161274 0
0 0.703154 0.686217 0.484323 0.577938 0.51053 1.54777e-10 0
0 0.565385 0.221868 0.697499 2.19415 1.22904 0.418314 0
0 0.30367 0.555591 1.10246 2.39733 0.712653 0.116323 0
0 0.814748 0.374966 0.311649 1.06881 0.992142 0.000176879 0
0 0.21585 0.899314 1.23835 2.84613 0.180795 0.0655771 0
0 0.670464 0.241326 0.534906 2.52111 1.19893 0.145963 0
0 0.774404 0.988976 0.374075 2.8067 0.0420579 8.52525e-26 0
0 0.00286127 0.715487 1.56792 0.0788412 0.46524 123.272 0
0 0.658682 0.285403 0.553137 3.13976 1.13073 0.0583773 0
0 0.27894 0.714272 1.14073 2.94256 0.46712 0.038613 0
0 0.403025 0.76813 0.948725 0.0843506 0.383783 0.000137858 0
0 0.860357 0.411115 0.241076 0.480138 0.936207 7.37333e-06 0
0 0.869573 0.832995 0.226815 2.9217 0.283414 3.26838e-23 0
0 0.575913 0.986501 0.681209 1.13282 0.0458877 2.70593e-14 0
0 0.674783 0.321688 0.528223 0.115846 1.07458 0.0179752 0
0 0.1423 0.781563 1.35216 2.40252 0.362997 0.93809 0
0 0.0960898 0.92712 1.42366 2.82428 0.137771 2.2522 0
0 0.941804 0.141059 0.115049 1.08892 1.35408 0.344121 0
0 0.665233 0.0732281 0.542999 1.75184 1.45903 2.63851 0
0 0.254315 0.309522 1.17883 0.113119 1.09341 1.25675 0
0 0.410721 0.260011 0.936817 0.427891 1.17002 0.660307 0
0 0.0262224 0.675968 1.53177 0.341504 0.526389 38.1874 0
0 0.352648 0.340538 1.02668 1.25276 1.04541 0.479096 0
0 0.0389955 0.821295 1.512 2.69833 0.301517 16.1074 0
0 0.0494302 0.699139 1.49586 3.04132 0.490535 12.0502 0
0 0.156798 0.193005 1.32972 1.24709 1.2737 5.43614 0
0 0.880545 0.6738 0.209838 0.396928 0.529743 1.03056e-15 0
0 0.11931 0.629686 1.38773 1.83156 0.598002 2.1797 0
0 0.880587 0.306531 0.209774 2.66417 1.09804 0.00137006 0
0 0.174218 0.147041 1.30277 0.816376 1.34482 6.25406 0
0 0.929596 0.686269 0.133939 2.42344 0.510449 4.22604e-18 0
0 0.53837 0.521773 0.7393 1.10827 0.764982 0.00074829 0
0 0.361934 0.637256 1.01231 1.3867 0.586289 0.00979255 0
0 0.933491 0.65101 0.127913 1.688 0.565008 1.82796e-16 0
0 0.475477 0.270957 0.836617 2.56212 1.15308 0.382964 0
0 0.84332 0.655896 0.267438 1.72396 0.557448 1.03201e-13 0
0 0.219924 0.236155 1.23205 3.02997 1.20693 2.44777 0
0 0.423106 0.71576 0.917653 3.06041 0.464817 0.000207988 0
0 0.811985 0.789974 0.315923 2.66666 0.349982 2.70262e-18 0
0 0.0524824 0.561754 1.49114 0.144868 0.703117 13.325 0
0 0.284175 0.946531 1.13263 0.966835 0.107734 0.00206428 0
0 0.932436 0.12842 0.129545 0.807882 1.37363 0.483245 0
0 0.420108 0.112413 0.922292 1.87184 1.3984 2.75316 0
0 0.52856 0.490364 0.75448 1.08924 0.813582 0.00241845 0
0 0.970474 0.410541 0.0706862 0.638598 0.937095 2.55332e-07 0
0 0.956742 0.805308 0.0919354 2.45255 0.326256 3.31268e-26 0
0 0.553531 0.629983 0.715842 2.00251 0.597543 1.04693e-05 0
0 0.55902 0.142363 0.707347 0.489446 1.35206 1.22716 0
0 0.460062 0.409019 0.860469 2.68444 0.939451 0.0579729 0
0 0.224419 0.442193 1.22509 1.94447 0.888119 0.804349 0
0 0.722958 0.30956 0.453679 0.95893 1.09335 0.0133607 0
0 0.833833 0.978773 0.282118 2.53659 0.0578462 2.4928e-29 0
0 0.254657 0.708124 1.1783 0.233506 0.476632 0.0805797 0
0 0.284636 0.663356 1.13191 1.16789 0.545904 0.0572115 0
0 0.258867 0.938648 1.17179 2.24647 0.119933 0.00792168 0
0 0.163613 0.216118 1.31918 0.531057 1.23793 4.42548 0
0 0.703962 0.0563923 0.483073 3.05386 1.48509 3.46475 0
0 0.772122 0.785411 0.377606 0.909659 0.357042 2.13479e-16 0
0 0.472397 0.610916 0.841383 1.24645 0.627047 0.000482968 0
0 0.748727 0.635389 0.413805 1.07504 0.589179 2.96484e-10 0
0 0.832354 0.546806 0.284406 1.17471 0.726247 2.01687e-09 0
0 0.596392 0.592544 0.64952 0.712154 0.655474 7.54056e-06 0
0 0.097415 0.462644 1.42161 0.908876 0.856474 4.95426 0
0 0.897716 0.611955 0.183269 1.61834 0.625439 1.56348e-13 0
0 0.37913 0.513562 0.9857 0.785621 0.777687 0.0451449 0
0 0.251913 0.888461 1.18255 1.4285 0.19759 0.0168823 0
0 0.602086 0.0224584 0.64071 1.84615 1.53759 10.1302 0
0 0.208546 0.678248 1.24965 1.15238 0.52286 0.30049 0
0 0.332078 0.518691 1.0585 0.861008 0.76975 0.102977 0
0 0.683854 0.838485 0.514187 0.822138 0.27492 1.05178e-14 0
0 0.914693 0.602646 0.156999 0.488446 0.639843 1.27204e-13 0
0 0.629102 0.753754 0.598907 2.42796 0.406027 3.4334e-10 0
0 0.325407 0.0391318 1.06883 0.150137 1.51179 10.4666 0
0 0.309981 0.369981 1.0927 0.522761 0.999856 0.547346 0
0 0.939499 0.895727 0.118615 2.72819 0.186347 3.50862e-31 0
0 0.913117 0.862298 0.159438 3.09035 0.238072 2.37826e-27 0
0 0.504457 0.548315 0.791775 2.0626 0.723911 0.000951286 0
0 0.546677 0.131057 0.726447 0.475952 1.36955 1.47392 0
0 0.523114 0.581372 0.762906 1.62922 0.672762 0.000192392 0
0 0.433963 0.239695 0.900854 1.80925 1.20145 0.704346 0
0 0.585781 0.68151 0.665939 1.08147 0.517814 2.39633e-07 0
0 0.72566 0.451504 0.449498 1.28579 0.873712 4.35523e-05 0
0 0.828033 0.683805 0.291092 1.48931 0.514263 2.38611e-14 0
0 0.270616 0.238779 1.15361 1.94161 1.20287 1.74546 0
0 0.878241 0.456043 0.213403 2.06941 0.866688 2.15964e-07 0
0 0.835504 0.211375 0.279532 3.13673 1.24527 0.0884184 0
0 0.0582162 0.428779 1.48226 0.350879 0.908876 14.2702 0
0 0.130951 0.640331 1.36972 2.78877 0.581531 1.67752 0
0 0.92352 0.543969 0.143341 0.0905464 0.730636 2.19111e-11 0
0 0.203424 0.926342 1.25758 0.0587597 0.138974 0.0902153 0
0 0.477568 0.75632 0.833383 2.14821 0.402057 4.31726e-06 0
0 0.328415 0.342461 1.06417 1.88207 1.04244 0.577285 0
0 0.335263 0.134539 1.05358 1.28266 1.36416 2.92958 0
0 0.726616 0.288736 0.448019 1.77082 1.12557 0.0245154 0
0 0.783668 0.668564 0.359741 1.63231 0.537846 2.39583e-12 0
0 0.160436 0.793665 1.32409 1.48221 0.344271 0.58122 0
0 0.236307 0.228982 1.2067 1.1335 1.21803 2.29171 0
0 0.575797 0.183515 0.681388 2.1346 1.28838 0.677879 0
0 0.67907 0.0438342 0.521588 2.6576 1.50452 4.94577 0
0 0.385551 0.490419 0.975764 2.08292 0.813497 0.0560226 0
0 0.574608 0.746921 0.683228 1.63956 0.416601 2.00118e-08 0
0 0.497794 0.177941 0.802085 1.80529 1.29701 1.00102 0
0 0.725423 0.0700578 0.449865 1.98602 1.46394 2.48761 0
0 0.308921 0.661384 1.09434 2.73416 0.548955 0.0309123 0
0 0.682448 0.335614 0.516362 2.78707 1.05303 0.0105382 0
0 0.598519 0.741511 0.64623 1.90334 0.424971 5.58367e-09 0
0 0.236695 0.704347 1.20609 1.59157 0.482476 0.132016 0
0 0.0139658 0.992171 1.55073 2.49664 0.0371143 69.5759 0
0 0.11943 0.46717 1.38754 1.01576 0.849471 3.19387 0
0 0.909226 0.327181 0.165458 1.58942 1.06608 0.000286904 0
0 0.558775 0.112958 0.707727 0.565564 1.39756 1.80816 0
0 0.981207 0.603316 0.0540798 1.98379 0.638806 1.20703e-15 0
0 0.81558 0.754978 0.310361 1.86917 0.404133 6.84054e-17 0
0 0.271279 0.422741 1.15258 1.41717 0.918218 0.548876 0
0 0.231713 0.811136 1.2138 2.79998 0.317238 0.0680507 0
0 0.819593 0.348122 0.304151 1.50871 1.03368 0.000582888 0
0 0.184746 0.324043 1.28648 1.928 1.07094 2.09119 0
0 0.578437 0.563988 0.677304 2.6024 0.69966 4.7749e-05 0
0 0.97203 0.556092 0.0682796 0.0809674 0.711878 4.09031e-13 0
0 0.153422 0.423505 1.33495 2.12379 0.917037 2.08237 0
0 0.192904 0.249687 1.27385 0.659179 1.18599 2.79318 0
0 0.400035 0.198423 0.953351 2.78431 1.26531 1.23298 0
0 0.303175 0.247151 1.10323 2.18425 1.18992 1.36583 0
0 0.478558 0.900744 0.83185 1.15203 0.178584 1.72619e-08 0
0 0.575519 0.24928 0.681819 1.82572 1.18662 0.255892 0
0 0.373065 0.219162 0.995084 0.607017 1.23322 1.16784 0
0 0.583466 0.869329 0.669521 0.874305 0.227192 1.34201e-11 0
0 0.687106 0.890045 0.509154 0.32521 0.195138 1.14403e-16 0
0 0.638856 0.740105 0.583814 0.763348 0.427146 3.90808e-10 0
0 0.456629 0.718778 0.865781 0.827407 0.460147 4.19382e-05 0
0 0.078277 0.382071 1.45122 2.9526 0.981149 9.2917 0
0 0.261465 0.944834 1.16777 0.18973 0.11036 0.00662539 0
0 0.678721 0.561492 0.52213 2.42235 0.703522 9.85332e-07 0
0 0.691803 0.381892 0.501887 1.00701 0.981425 0.0018609 0
0 0.957641 0.695762 0.0905433 2.98305 0.49576 1.04909e-19 0
0 0.941961 0.191396 0.114806 2.63237 1.27619 0.0775245 0
0 0.676466 0.545956 0.525618 1.17942 0.727562 2.38429e-06 0
0 0.283642 0.673659 1.13345 0.748459 0.529962 0.0525855 0
0 0.304137 0.654978 1.10174 1.57466 0.558868 0.0380119 0
0 0.00903158 0.130217 1.55837 2.43516 1.37085 109.701 0
0 0.0895596 0.276963 1.43376 2.38826 1.14379 10.0462 0
0 0.47573 0.899004 0.836226 0.675461 0.181276 2.30594e-08 0
0 0.923912 0.505318 0.142734 0.709441 0.790443 6.83669e-10 0
0 0.646045 0.247135 0.57269 0.389934 1.18994 0.156371 0
0 0.883484 0.28456 0.205291 1.50421 1.13203 0.00359843 0
0 0.0891796 0.46174 1.43435 0.987197 0.857873 5.92344 0
0 0.182625 0.798581 1.28976 2.42049 0.336665 0.318523 0
0 0.954247 0.703822 0.0957962 1.73312 0.483289 5.1423e-20 0
0 0.83875 0.82867 0.27451 1.53662 0.290107 2.09274e-21 0
0 0.262446 0.0462821 1.16625 2.9178 1.50073 10.7294 0
0 0.0911379 0.859164 1.43132 2.05548 0.242922 2.80538 0
0 0.620132 0.121502 0.612786 1.8219 1.38434 1.35238 0
0 0.414682 0.164272 0.930688 0.209937 1.31816 1.60193 0
0 0.928739 0.875471 0.135265 1.98308 0.21769 3.88693e-29 0
0 0.563827 0.217955 0.69991 1.3706 1.23509 0.446507 0
0 0.0257853 0.431428 1.53244 2.31415 0.904777 49.4943 0
0 0.528208 0.800095 0.755024 2.70928 0.334321 3.50204e-08 0
0 0.908095 0.00212441 0.167208 2.70087 1.56906 13.8964 0
0 0.90621 0.876321 0.170126 0.523904 0.216375 8.17671e-28 0
0 0.353265 0.242879 1.02572 0.561048 1.19653 1.0658 0
0 0.695612 0.894372 0.495993 2.84341 0.188442 3.10135e-17 0
0 0.482661 0.494585 0.825502 2.67104 0.807051 0.00670151 0
0 0.983702 0.811538 0.0502192 2.67013 0.316615 4.2016e-28 0
0 0.971344 0.0715895 0.0693405 0.775465 1.46157 1.5489 0
0 0.239762 0.568607 1.20135 0.0503983 0.692514 0.320335 0
0 0.916906 0.0667076 0.153575 2.27365 1.46912 1.89784 0
0 0.118042 0.838345 1.38969 2.58353 0.275136 1.49471 0
0 0.345856 0.740864 1.03719 0.57533 0.425972 0.00282901 0
0 0.804739 0.291852 0.327137 2.86624 1.12075 0.00804272 0
0 0.387307 0.156088 0.973046 2.64873 1.33082 1.93191 0
0 0.798154 0.232075 0.337325 1.05253 1.21324 0.064707 0
0 0.879538 0.750232 0.211396 3.1319 0.411477 2.46224e-19 0
0 0.2372 0.846968 1.20531 2.79105 0.261794 0.0426622 0
0 0.889866 0.0522381 0.195415 2.9109 1.49151 2.81296 0
0 0.414342 0.906664 0.931213 0.520129 0.169423 1.55574e-06 0
0 0.770595 0.777548 0.379968 1.7071 0.369209 5.12134e-16 0
0 0.465216 0.00588111 0.852495 2.34521 1.56324 13.793 0
0 0.629201 0.941848 0.598753 1.92609 0.114981 1.13248e-15 0
0 0.0977442 0.290297 1.4211 0.153594 1.12315 8.17253 0
0 0.478296 0.313397 0.832256 2.96567 1.08741 0.211705 0
0 0.557461 0.730237 0.70976 0.495465 0.442417 1.2712e-07 0
0 0.930496 0.449034 0.132547 0.847521 0.877533 5.23884e-08 0
0 0.738946 0.749014 0.42894 1.86019 0.413361 9.9265e-14 0
0 0.889932 0.708784 0.195314 1.70766 0.475611 1.0514e-17 0
0 0.71007 0.314874 0.473621 2.03944 1.08512 0.0134903 0
0 0.190661 0.150443 1.27733 2.28784 1.33956 5.35483 0
0 0.41526 0.796205 0.929793 1.97254 0.340341 3.58271e-05 0
0 0.304693 0.157617 1.10088 2.33237 1.32846 2.69115 0
0 0.780595 0.54162 0.364495 2.5702 0.734271 3.45222e-08 0
0 0.880424 0.741807 0.210025 3.00941 0.424513 5.9756e-19 0
0 0.138511 0.672263 1.35802 1.39882 0.532122 1.3312 0
0 0.945534 0.225098 0.109278 1.88468 1.22404 0.0215618 0
0 0.384998 0.652984 0.976619 0.626765 0.561954 0.00360037 0
0 0.988691 0.826578 0.0424987 0.515049 0.293343 1.97696e-29 0
0 0.2471 0.262882 1.19 0.859261 1.16557 1.73692 0
0 0.203642 0.60305 1.25724 0.632584 0.639217 0.486142 0
0 0.067115 0.382002 1.46849 0.0930889 0.981255 12.3273 0
0 0.609492 0.423425 0.62925 1.1153 0.91716 0.00256175 0
0 0.137282 0.681992 1.35992 1.35257 0.517067 1.33416 0
0 0.139959 0.521908 1.35578 2.23181 0.764773 1.91107 0
0 0.644568 0.0718969 0.574976 0.0603015 1.46109 2.82469 0
0 0.0589015 0.652574 1.4812 2.42441 0.562587 9.24794 0
0 0.586409 0.259493 0.664967 1.78776 1.17082 0.197614 0
0 0.341469 0.869998 1.04397 0.213063 0.226157 0.000311147 0
0 0.402295 0.136907 0.949854 2.89088 1.3605 2.21813 0
0 0.120801 0.738623 1.38542 1.45544 0.42944 1.68927 0
0 0.501835 0.00299544 0.795833 1.23201 1.56771 13.937 0
0 0.901665 0.593949 0.177159 1.1743 0.6533 7.00166e-13 0
0 0.648046 0.0968348 0.569594 1.09625 1.42251 1.82448 0
0 0.0074384 0.210907 1.56083 1.35085 1.246 114.172 0
0 0.601099 0.451933 0.642238 0.504272 0.873048 0.00124757 0
0 0.596932 0.125227 0.648685 1.80641 1.37858 1.37112 0
0 0.521743 0.490797 0.765028 1.9752 0.812912 0.00283978 0
0 0.82948 0.515541 0.288853 1.0857 0.774625 2.28648e-08 0
0 0.276312 0.541552 1.14479 1.34055 0.734377 0.214431 0
0 0.135577 0.75726 1.36256 2.82998 0.400603 1.16232 0
0 0.419557 0.350986 0.923145 1.15975 1.02925 0.229039 0
0 0.879386 0.0434978 0.211632 0.830958 1.50504 3.63352 0
0 0.163575 0.294619 1.31924 0.976741 1.11647 3.00011 0
0 0.0566423 0.364497 1.4847 1.58476 1.00834 17.2934 0
0 0.0409271 0.653469 1.50902 2.51049 0.561202 18.2532 0
0 0.963207 0.0787551 0.0819319 1.32309 1.45048 1.33656 0
0 0.0505824 0.107475 1.49408 1.30824 1.40604 32.2577 0
0 0.873115 0.822647 0.221334 2.22513 0.299427 7.86226e-23 0
0 0.23462 0.938047 1.20931 1.19677 0.120862 0.0239548 0
0 0.455617 0.317377 0.867348 0.450508 1.08125 0.247599 0
0 0.580246 0.626573 0.674504 1.97876 0.602819 3.6349e-06 0
0 0.14589 0.327558 1.3466 1.63962 1.0655 3.27048 0
0 0.115079 0.949799 1.39428 1.26958 0.102679 1.33314 0
0 0.472998 0.976725 0.840453 1.30951 0.0610143 1.46006e-09 0
0 0.692023 0.367035 0.501547 0.681728 1.00441 0.00315658 0
0 0.00430542 0.9644 1.56568 0.611706 0.0800852 118.338 0
0 0.11211 0.295698 1.39887 0.755787 1.1148 6.19161 0
0 0.611748 0.144749 0.625759 0.715627 1.34837 1.00166 0
0 0.249007 0.126804 1.18704 2.18005 1.37613 4.62277 0
0 0.777003 0.89117 0.370052 1.09188 0.193397 3.00358e-21 0
0 0.864334 0.430389 0.234921 2.16878 0.906383 1.95469e-06 0
0 0.503423 0.932106 0.793376 2.18811 0.130056 5.67141e-10 0
0 0.738155 0.705624 0.430164 0.256264 0.480502 3.30255e-12 0
0 0.618522 0.834297 0.615277 1.69791 0.2814 5.44877e-12 0
0 0.340917 0.732239 1.04483 1.70184 0.439318 0.00395041 0
0 0.102211 0.347434 1.41419 2.89007 1.03474 6.19013 0
0 0.486007 0.768633 0.820324 0.459764 0.383004 1.74013e-06 0
0 0.503281 0.36186 0.793595 1.92465 1.01242 0.0725499 0
0 0.0539445 0.732573 1.48887 2.25124 0.438802 9.75363 0
0 0.241466 0.162917 1.19871 0.208223 1.32026 3.52166 0
0 0.976766 0.327729 0.0609511 2.20121 1.06523 7.09053e-05 0
0 0.510836 0.212624 0.781904 0.229888 1.24334 0.632612 0
0 0.190251 0.750275 1.27796 0.376429 0.41141 0.321884 0
0 0.154483 0.971389 1.33331 1.56954 0.0692712 0.414071 0
0 0.857684 0.156992 0.245212 1.26142 1.32942 0.327727 0
0 0.540954 0.300184 0.735302 1.67979 1.10786 0.143216 0
0 0.276092 0.0618473 1.14513 1.85211 1.47664 8.6645 0
0 0.440434 0.152437 0.890841 3.10023 1.33647 1.64 0
0 0.512401 0.90602 0.779484 0.67836 0.17042 8.80811e-10 0
0 0.15426 0.402151 1.33365 2.8823 0.950078 2.21456 0
0 0.0788076 0.128344 1.4504 1.4517 1.37375 20.0379 0
0 0.107874 0.373234 1.40543 0.0721383 0.994823 5.14104 0
0 0.0666307 0.703915 1.46924 2.16739 0.483146 6.74591 0
0 0.580768 0.854 0.673696 2.52138 0.250912 4.14744e-11 0
0 0.686014 0.610602 0.510844 0.553461 0.627532 4.79529e-08 0
0 0.400617 0.188536 0.952451 0.0617058 1.28061 1.34666 0
0 0.136391 0.813298 1.3613 2.3098 0.313893 1.00493 0
0 0.0705951 0.886509 1.46311 0.0739889 0.20061 4.72684 0
0 0.449145 0.679828 0.877363 1.26191 0.520417 0.000178639 0
0 0.325284 0.121098 1.06902 1.55982 1.38496 3.49964 0
0 0.0427635 0.0408531 1.50617 2.84417 1.50913 38.9394 0
0 0.794615 0.423194 0.342801 2.24829 0.917518 2.45448e-05 0
0 0.929658 0.181577 0.133843 2.59404 1.29138 0.115769 0
0 0.64842 0.611088 0.569014 2.22111 0.626781 3.0358e-07 0
0 0.148024 0.165945 1.3433 2.46172 1.31557 7.0646 0
0 0.368374 0.343466 1.00234 2.89586 1.04088 0.406775 0
0 0.179888 0.603584 1.294 0.645292 0.638392 0.736737 0
0 0.944465 0.302383 0.110932 2.61228 1.10445 0.000573918 0
0 0.662956 0.561643 0.546523 0.847977 0.703289 1.90523e-06 0
0 0.237002 0.0628154 1.20562 1.42169 1.47515 9.59457 0
0 0.140646 0.459473 1.35472 2.56921 0.861382 2.26186 0
0 0.188756 0.330724 1.28027 1.10522 1.0606 1.94816 0
0 0.31853 0.358571 1.07947 1.4309 1.01751 0.553558 0
0 0.475351 0.615652 0.836813 1.87139 0.619719 0.000381547 0
0 0.854306 0.416081 0.250439 0.446606 0.928524 6.51086e-06 0
0 0.955493 0.51971 0.0938677 1.88652 0.768174 3.90589e-11 0
0 0.549342 0.235415 0.722322 2.2602 1.20808 0.37806 0
0 0.246839 0.495589 1.1904 1.61542 0.805498 0.458408 0
0 0.282567 0.778514 1.13512 1.71789 0.367716 0.0165133 0
0 0.363104 0.753413 1.0105 1.91885 0.406554 0.00112787 0
0 0.463593 0.611898 0.855006 2.05514 0.625527 0.000640147 0
0 0.537644 0.854664 0.740424 0.229879 0.249885 1.35307e-09 0
0 0.780106 0.23294 0.365252 2.16282 1.21191 0.0736129 0
0 0.497355 0.688273 0.802764 1.75869 0.507349 1.6291e-05 0
0 0.542542 0.957927 0.732845 2.25317 0.0901018 4.04953e-12 0
0 0.212385 0.665359 1.24371 0.531172 0.542804 0.297158 0
0 0.576643 0.587334 0.680079 0.849073 0.663536 2.0866e-05 0
0 0.559875 0.797449 0.706025 2.77698 0.338416 4.40506e-09 0
0 0.431802 0.887134 0.904198 1.52415 0.199643 8.63613e-07 0
0 0.65994 0.0867058 0.55119 3.08436 1.43818 2.09758 0
0 0.41357 0.725633 0.932408 2.47551 0.44954 0.000245416 0
0 0.657052 0.310031 0.555658 0.44407 1.09262 0.0315402 0
0 0.349976 0.453077 1.03081 2.84706 0.871277 0.16193 0
0 0.702062 0.639984 0.486012 2.54581 0.582068 3.41642e-09 0
0 0.230659 0.82149 1.21543 2.4999 0.301217 0.0652258 0
0 0.221543 0.377407 1.22954 1.55883 0.988366 1.1429 0
0 0.941015 0.247575 0.11627 0.514691 1.18926 0.00878728 0
0 0.68464 0.21939 0.51297 1.09971 1.23287 0.209757 0
0 0.223188 0.6802 1.22699 2.94309 0.519841 0.214875 0
0 0.899252 0.669337 0.180891 1.47395 0.536649 3.69072e-16 0
0 0.648781 0.0592566 0.568457 0.98242 1.48065 3.61025 0
0 0.126581 0.459612 1.37648 3.0313 0.861165 2.86841 0
0 0.189573 0.964958 1.27901 1.51721 0.0792224 0.127356 0
0 0.651217 0.527759 0.564687 1.23391 0.755719 1.48306e-05 0
0 0.755741 0.302534 0.402952 2.67571 1.10422 0.0107339 0
0 0.669522 0.440368 0.536363 0.831776 0.890942 0.000335562 0
0 0.428345 0.153017 0.909547 1.24003 1.33557 1.70421 0
0 0.518508 0.762482 0.770034 0.227024 0.392522 3.25727e-07 0
0 0.730832 0.603913 0.441495 3.06452 0.637882 6.93527e-09 0
0 0.576094 0.930657 0.680929 0.483905 0.132298 6.64076e-13 0
0 0.410045 0.103332 0.937864 0.742261 1.41245 3.18318 0
0 0.0159966 0.241004 1.54759 1.48404 1.19943 84.494 0
0 0.259315 0.444095 1.17109 0.735997 0.885176 0.543973 0
0 0.234958 0.36029 1.20878 1.55695 1.01485 1.10618 0
0 0.982224 0.711051 0.0525054 2.28228 0.472103 1.30938e-21 0
0 0.839656 0.154589 0.273107 0.106686 1.33314 0.373311 0
0 0.410437 0.900168 0.937257 0.402304 0.179474 2.45607e-06 0
0 0.491867 0.542684 0.811257 1.02623 0.732624 0.00160934 0
0 0.64962 0.306072 0.567158 1.68928 1.09874 0.0383805 0
0 0.683208 0.517162 0.515186 2.59021 0.772116 7.5724e-06 0
0 0.272483 0.913211 1.15072 2.86107 0.159292 0.00528726 0
0 0.104195 0.692393 1.41112 2.58312 0.500973 2.66927 0
0 0.384785 0.553019 0.976949 2.44638 0.716632 0.021603 0
0 0.771748 0.995558 0.378183 1.70722 0.0318736 7.33289e-26 0
0 0.165733 0.740235 1.3159 2.10573 0.426946 0.605962 0
0 0.452287 0.960884 0.872501 1.1892 0.0855265 1.51547e-08 0
0 0.350904 0.415741 1.02937 1.32212 0.92905 0.238504 0
0 0.528928 0.677189 0.75391 2.79859 0.524499 5.36042e-06 0
0 0.806805 0.668301 0.323939 1.69684 0.538252 4.73183e-13 0
0 0.543303 0.311819 0.731667 0.415313 1.08985 0.113412 0
0 0.807984 0.0159902 0.322115 0.591882 1.5476 10.3869 0
0 0.945678 0.788191 0.109054 1.79126 0.352741 1.48695e-24 0
0 0.509539 0.082642 0.783912 1.93678 1.44447 3.20915 0
0 0.660288 0.0102084 0.550651 1.40392 1.55655 12.8189 0
0 0.498548 0.278408 0.800918 0.968645 1.14155 0.292201 0
0 0.886809 0.377868 0.200146 1.02106 0.987653 2.65679e-05 0
0 0.090482 0.339437 1.43234 1.395 1.04712 8.00872 0
0 0.937524 0.23883 0.121672 2.45807 1.20279 0.0132948 0
0 0.374967 0.961742 0.992141 2.20492 0.0841991 6.06529e-06 0
0 0.810365 0.108454 0.318431 1.42531 1.40453 1.01674 0
0 0.546468 0.615139 0.72677 0.623297 0.620511 2.47471e-05 0
0 0.677427 0.984013 0.524131 1.98428 0.0497365 1.24197e-19 0
0 0.0622624 0.398168 1.476 2.4767 0.956242 13.5618 0
0 0.717798 0.762507 0.461664 0.36159 0.392484 1.95471e-13 0
0 0.165052 0.793528 1.31695 1.06981 0.344483 0.516852 0
0 0.697121 0.701394 0.493657 2.39786 0.487045 8.27873e-11 0
0 0.136456 0.00439778 1.3612 0.748151 1.56554 16.4834 0
0 0.123878 0.690109 1.38066 0.0841157 0.504508 1.74241 0
0 0.0558825 0.965468 1.48587 3.13583 0.0784324 6.93837 0
0 0.809394 0.72662 0.319934 0.93048 0.448013 1.9026e-15 0
0 0.600564 0.508072 0.643066 1.10627 0.786181 0.000180956 0
0 0.220834 0.895331 1.23064 2.26146 0.186958 0.0556574 0
0 0.728596 0.227334 0.444956 2.28146 1.22058 0.128725 0
0 0.0985286 0.452963 1.41989 0.934239 0.871454 4.9577 0
0 0.588752 0.953587 0.661342 1.89745 0.0968171 4.27027e-14 0
0 0.549493 0.739906 0.722088 0.767567 0.427455 1.32451e-07 0
0 0.708875 0.821426 0.47547 0.482153 0.301316 3.76578e-15 0
0 0.0465493 0.0285999 1.50032 1.87241 1.52809 36.3426 0
0 0.569609 0.588898 0.690963 0.45363 0.661117 2.596e-05 0
0 0.305712 0.410651 1.0993 0.566828 0.936925 0.41745 0
0 0.944174 0.818636 0.111383 1.36242 0.305633 2.26514e-26 0
0 0.635164 0.83874 0.589526 0.0917754 0.274524 9.44778e-13 0
0 0.40393 0.521328 0.947326 1.05645 0.76567 0.0237248 0
0 0.951297 0.192611 0.10036 2.14916 1.27431 0.0696593 0
0 0.939968 0.431354 0.11789 2.70431 0.90489 1.44991e-07 0
0 0.758824 0.983589 0.398183 0.725994 0.0503939 1.47856e-24 0
0 0.0844487 0.856159 1.44167 2.84732 0.247571 3.34782 0
0 0.711455 0.996026 0.471478 0.275541 0.0311493 5.19198e-22 0
0 0.530519 0.107536 0.751449 0.230098 1.40595 2.10686 0
0 0.591392 0.216635 0.657258 2.70815 1.23714 0.390246 0
0 0.326326 0.126746 1.06741 1.086 1.37622 3.28546 0
0 0.205072 0.477673 1.25503 2.91807 0.83322 0.851439 0
0 0.191223 0.0959097 1.27646 2.35766 1.42394 8.43319 0
0 0.841405 0.537042 0.270401 2.18681 0.741354 2.71218e-09 0
0 0.82748 0.831388 0.291947 1.87363 0.2859 5.57825e-21 0
0 0.513344 0.900756 0.778025 2.34004 0.178565 1.04313e-09 0
0 0.24514 0.0516336 1.19303 3.06354 1.49245 10.5295 0
0 0.44308 0.106896 0.886747 1.05278 1.40694 2.74225 0
0 0.229118 0.927198 1.21782 2.05335 0.13765 0.0325471 0
0 0.210563 0.680735 1.24653 2.09083 0.519013 0.283629 0
0 0.477768 0.507731 0.833072 3.02401 0.786709 0.00556501 0
0 0.365285 0.357521 1.00712 0.603035 1.01914 0.365524 0
0 0.0844394 0.00375832 1.44169 2.99172 1.56653 22.7883 0
0 0.847256 0.498423 0.261347 0.981071 0.801112 3.59948e-08 0
0 0.919758 0.421521 0.149161 2.65945 0.920105 5.93161e-07 0
0 0.561239 0.418261 0.703914 2.5474 0.92515 0.00808822 0
0 0.0681247 0.343387 1.46693 0.419676 1.04101 13.2728 0
0 0.77731 0.305819 0.369577 1.05949 1.09914 0.00702856 0
0 0.964913 0.337599 0.079291 2.77546 1.04996 4.92602e-05 0
0 0.477065 0.192409 0.83416 1.196 1.27462 0.930986 0
0 0.552352 0.335865 0.717666 0.419547 1.05264 0.0640286 0
0 0.13975 0.619813 1.3561 2.19607 0.613279 1.47962 0
0 0.997065 0.247386 0.0295413 2.60554 1.18955 0.00455767 0
0 0.00325197 0.68944 1.56731 2.68964 0.505543 122.576 0
0 0.855601 0.331282 0.248435 0.267879 1.05974 0.000648409 0
0 0.738783 0.159303 0.429192 1.0209 1.32585 0.508456 0
0 0.804548 0.20336 0.327432 1.4786 1.25768 0.137596 0
0 0.770383 0.856417 0.380297 1.52996 0.247173 2.49129e-19 0
0 0.623531 0.929053 0.607526 2.02461 0.134779 5.35841e-15 0
0 0.980172 0.838364 0.0556809 1.17258 0.275107 9.43973e-30 0
0 0.605959 0.129377 0.634716 0.255826 1.37215 1.26086 0
0 0.205156 0.705935 1.2549 1.13002 0.480019 0.279365 0
0 0.0142722 0.98134 1.55026 1.67323 0.0538728 68.4235 0
0 0.674317 0.572644 0.528943 2.30616 0.686267 6.68951e-07 0
0 0.654946 0.600202 0.558916 0.534876 0.643624 3.89017e-07 0
0 0.722798 0.0390653 0.453927 1.1149 1.5119 5.26108 0
0 0.467948 0.59044 0.848268 2.46409 0.65873 0.000967541 0
0 0.740116 0.088367 0.427129 2.41386 1.43561 1.7101 0
0 0.836886 0.602626 0.277393 1.83531 0.639874 1.79817e-11 0
0 0.214292 0.938219 1.24076 0.929634 0.120597 0.0557351 0
0 0.11865 0.0920136 1.38875 0.631847 1.42997 14.5204 0
0 0.950542 0.0248225 0.101528 0.699965 1.53393 6.42245 0
0 0.593396 0.415984 0.654156 2.98227 0.928674 0.00451658 0
0 0.463428 0.635783 0.855261 1.40623 0.588568 0.000339474 0
0 0.457495 0.802412 0.864442 2.26525 0.330737 2.80961e-06 0
0 0.433301 0.993968 0.901878 0.215469 0.0343342 3.16231e-08 0
0 0.470843 0.77864 0.843788 0.259089 0.36752 2.90965e-06 0
0 0.623361 0.480703 0.607791 2.74727 0.82853 0.000252032 0
0 0.872874 0.108273 0.221707 1.84458 1.40481 0.875497 0
0 0.588062 0.123541 0.66241 2.7968 1.38118 1.43972 0
0 0.656933 0.065679 0.555843 1.50896 1.47072 3.10796 0
0 0.267769 0.592058 1.15801 1.62716 0.656226 0.163745 0
0 0.38706 0.128469 0.97343 0.141372 1.37356 2.5645 0
0 0.436058 0.0655454 0.897612 1.87419 1.47092 5.1873 0
0 0.0713614 0.765889 1.46192 0.183871 0.38725 5.39081 0
0 0.686891 0.548865 0.509487 0.652512 0.723061 1.3431e-06 0
0 0.902227 0.417039 0.176288 1.43168 0.927041 1.42077e-06 0
0 0.960383 0.981434 0.0863004 1.19509 0.0537287 5.40064e-39 0
0 0.267784 0.0340586 1.15799 1.41469 1.51964 11.9727 0
0 0.197651 0.375073 1.26651 2.70412 0.991977 1.45909 0
0 0.149963 0.618861 1.3403 1.72094 0.614754 1.21728 0
0 0.289975 0.241395 1.12365 1.8789 1.19882 1.53292 0
0 0.726086 0.123518 0.448839 2.45018 1.38122 0.97633 0
0 0.50111 0.00222744 0.796954 1.77624 1.5689 13.9652 0
0 0.146226 0.446667 1.34608 0.907358 0.881196 2.15216 0
0 0.0707063 0.220202 1.46294 2.1867 1.23162 17.7585 0
0 0.906231 0.409595 0.170094 0.564236 0.938559 2.07638e-06 0
0 0.94609 0.796176 0.108417 0.115692 0.340386 4.5656e-25 0
0 0.204017 0.0304816 1.25666 2.3566 1.52518 13.217 0
0 0.35042 0.682103 1.03012 0.953265 0.516896 0.00661375 0
0 0.29508 0.496334 1.11575 2.26383 0.804344 0.23488 0
0 0.77819 0.140573 0.368217 1.09181 1.35483 0.621122 0
0 0.94292 0.9513 0.113323 2.34358 0.100356 2.27746e-35 0
0 0.571742 0.840609 0.687662 0.239866 0.271632 1.85947e-10 0
0 0.0353618 0.966998 1.51763 2.63836 0.0760654 16.5821 0
0 0.0114553 0.23917 1.55462 2.47587 1.20227 100.723 0
0 0.187406 0.231468 1.28236 0.966146 1.21418 3.23774 0
0 0.269323 0.575205 1.15561 2.97017 0.682304 0.183134 0
0 0.980727 0.245517 0.0548218 0.755211 1.19244 0.00606869 0
0 0.540781 0.17583 0.735569 0.714085 1.30027 0.864133 0
0 0.8241 0.0714375 0.297178 1.68277 1.46181 2.01071 0
0 0.017572 0.368517 1.54515 1.25409 1.00212 75.9816 0
0 0.924668 0.635725 0.141564 0.827611 0.588659 1.96796e-15 0
0 0.583638 0.141621 0.669254 1.17836 1.35321 1.14439 0
0 0.554498 0.964429 0.714345 0.568812 0.0800411 8.48912e-13 0
0 0.929499 0.733447 0.134089 1.45249 0.437448 1.30744e-20 0
0 0.221809 0.0119338 1.22913 1.29904 1.55388 13.9215 0
0 0.458046 0.647485 0.863589 1.31095 0.570462 0.000302725 0
0 0.0107176 0.501758 1.55576 2.84322 0.795952 99.4007 0
0 0.510072 0.5617 0.783087 1.71295 0.703201 0.000544579 0
0 0.216482 0.767218 1.23737 0.366537 0.385194 0.146406 0
0 0.695366 0.458463 0.496374 1.25088 0.862944 7.71201e-05 0
0 0.21471 0.510405 1.24011 1.9714 0.782572 0.64429 0
0 0.0934425 0.543389 1.42776 1.55537 0.731534 4.50461 0
0 0.227278 0.206835 1.22067 2.3651 1.2523 2.7977 0
0 0.0604215 0.754196 1.47885 0.39518 0.405343 7.61645 0
0 0.891053 0.121077 0.193578 1.28142 1.385 0.643576 0
0 0.527944 0.568223 0.755432 3.07519 0.693107 0.000246963 0
0 0.810428 0.383004 0.318333 2.4993 0.979705 0.000130845 0
0 0.00478423 0.315885 1.56494 1.04572 1.08356 120.573 0
0 0.712974 0.202767 0.469128 2.11701 1.25859 0.247846 0
0 0.463155 0.725796 0.855684 1.5395 0.449288 2.47453e-05 0
0 0.266153 0.549713 1.16051 1.02837 0.721748 0.237428 0
0 0.54277 0.674851 0.732491 0.549839 0.528117 2.97987e-06 0
0 0.606897 0.728671 0.633265 0.313999 0.444839 6.42257e-09 0
0 0.0836605 0.705675 1.44289 1.27969 0.480423 4.2408 0
0 0.0183039 0.554188 1.54402 1.19781 0.714824 67.0168 0
0 0.915439 0.355452 0.155846 0.812054 1.02234 5.04263e-05 0
0 0.940496 0.0207044 0.117073 2.13765 1.54031 7.75399 0
0 0.25458 0.601782 1.17842 3.02359 0.64118 0.194823 0
0 0.429635 0.943817 0.907551 2.18539 0.111935 1.63814e-07 0
0 0.928688 0.238385 0.135345 1.99971 1.20348 0.0148764 0
0 0.853515 0.28136 0.251663 0.23723 1.13698 0.00625845 0
0 0.0645927 0.75487 1.4724 0.372694 0.4043 6.67706 0
0 0.477029 0.989147 0.834216 0.318876 0.0417936 6.90319e-10 0
0 0.127753 0.836686 1.37467 0.476144 0.277704 1.18255 0
0 0.76497 0.369204 0.388672 1.58355 1.00106 0.000686768 0
0 0.682535 0.451798 0.516227 1.44782 0.873257 0.000148349 0
0 0.382466 0.14961 0.980538 1.45289 1.34085 2.09758 0
0 0.701077 0.745513 0.487537 2.73911 0.418779 2.7363e-12 0
0 0.845967 0.394286 0.263342 1.52581 0.962247 2.94558e-05 0
0 0.635473 0.78466 0.589049 1.34552 0.358204 3.18469e-11 0
0 0.355762 0.818919 1.02186 1.80171 0.305194 0.000418256 0
0 0.702486 0.941028 0.485357 2.40291 0.116249 2.1083e-19 0
0 0.339019 0.376118 1.04776 1.33188 0.99036 0.396487 0
0 0.0399465 0.301033 1.51053 1.03563 1.10654 32.7098 0
0 0.100159 0.467064 1.41736 0.898995 0.849635 4.63213 0
0 0.271663 0.983372 1.15199 1.74742 0.0507295 0.0028388 0
0 0.985943 0.184822 0.0467509 0.582185 1.28636 0.0722694 0
0 0.830109 0.536363 0.28788 1.02853 0.742405 4.91632e-09 0
0 0.0431562 0.992029 1.50557 2.30722 0.0373344 11.1253 0
0 0.774754 0.494569 0.373533 2.40574 0.807076 8.40983e-07 0
0 0.475744 0.251303 0.836205 0.426805 1.18349 0.485503 0
0 0.301737 0.937402 1.10545 1.73338 0.121861 0.000893092 0
0 0.4106 0.936464 0.937005 0.559063 0.123312 8.53921e-07 0
0 0.443615 0.576262 0.885918 2.49055 0.680668 0.00290316 0
0 0.0942202 0.762608 1.42655 2.96453 0.392328 2.9943 0
0 0.552566 0.0939609 0.717334 1.81775 1.42695 2.41384 0
0 0.792911 0.556587 0.345438 2.73943 0.711113 6.95717e-09 0
0 0.984502 0.919048 0.0489806 1.16306 0.15026 5.57925e-36 0
0 0.858129 0.667149 0.244523 0.286683 0.540035 1.16623e-14 0
0 0.280918 0.489655 1.13767 1.46127 0.814679 0.303409 0
0 0.889486 0.528094 0.196003 2.51515 0.7552 5.2285e-10 0
0 0.722525 0.895927 0.454349 0.277947 0.186037 1.26633e-18 0
0 0.192285 0.12019 1.27481 1.66677 1.38637 6.7758 0
0 0.12189 0.201945 1.38374 0.804114 1.25986 8.00141 0
0 0.217588 0.183361 1.23566 2.12834 1.28862 3.49032 0
0 0.342345 0.963638 1.04262 2.08488 0.0812644 5.38021e-05 0
0 0.480442 0.0775832 0.828935 2.10715 1.4523 3.75487 0
0 0.701449 0.0540921 0.486961 2.72833 1.48864 3.67116 0
0 0.654985 0.657877 0.558857 0.896038 0.554381 1.72697e-08 0
0 0.255735 0.220404 1.17663 2.25114 1.2313 2.1506 0
0 0.323854 0.988138 1.07123 0.719481 0.0433547 0.000127104 0
0 0.479537 0.612701 0.830334 1.07569 0.624285 0.000356399 0
0 0.0691636 0.509624 1.46532 2.64819 0.783781 8.73762 0
0 0.632789 0.0241276 0.593202 0.688542 1.53501 9.39384 0
0 0.152227 0.578867 1.3368 2.41339 0.676637 1.30846 0
0 0.0420418 0.0994319 1.50729 2.43606 1.41849 38.4876 0
0 0.231365 0.784152 1.21434 1.36278 0.358991 0.0842192 0
0 0.154877 0.502967 1.3327 2.57677 0.794081 1.57309 0
0 0.731519 0.561082 0.440432 1.04318 0.704157 9.65546e-08 0
0 0.907196 0.00115842 0.168599 3.00903 1.57055 13.9691 0
0 0.11131 0.195492 1.40011 1.95153 1.26985 9.64263 0
0 0.729292 0.389186 0.443879 1.62699 0.970139 0.000634414 0
0 0.951545 0.319449 0.0999767 1.36646 1.07805 0.0001942 0
0 0.251645 0.836609 1.18296 0.833201 0.277821 0.0273732 0
0 0.680289 0.790137 0.519703 1.60417 0.349731 5.6625e-13 0
0 0.213381 0.402415 1.24217 2.59402 0.94967 1.09645 0
0 0.97735 0.253331 0.0600469 0.899729 1.18035 0.00435206 0
0 0.87604 0.00805511 0.216808 2.92788 1.55988 12.7145 0
0 0.0931159 0.38108 1.42826 2.18867 0.982683 6.7023 0
0 0.597233 0.46424 0.648219 1.09791 0.854006 0.000917266 0
0 0.318181 0.198152 1.08001 1.03272 1.26574 1.81143 0
0 0.248911 0.240992 1.18719 2.10607 1.19945 1.96286 0
0 0.0221829 0.72441 1.53802 1.29246 0.451433 46.9294 0
0 0.806158 0.205578 0.324941 0.849942 1.25424 0.128328 0
0 0.522584 0.818174 0.763726 2.41219 0.306347 2.29969e-08 0
0 0.668086 0.299004 0.538586 0.964952 1.10968 0.0369847 0
0 0.768544 0.121232 0.383142 3.10147 1.38476 0.902386 0
0 0.345966 0.382526 1.03702 0.0742285 0.980444 0.348885 0
0 0.799341 0.955971 0.335488 2.77509 0.0931276 8.77852e-26 0
0 0.524318 0.193635 0.761044 1.69894 1.27272 0.746051 0
0 0.674982 0.34733 0.527915 0.330916 1.0349 0.00820397 0
0 0.111582 0.580179 1.39969 2.13217 0.674608 2.83988 0
0 0.277692 0.637394 1.14266 1.41545 0.586076 0.0881273 0
0 0.413816 0.876616 0.932028 2.79512 0.215917 3.92793e-06 0
0 0.132203 0.695864 1.36778 0.10816 0.495603 1.43913 0
0 0.837218 0.867494 0.27688 1.27761 0.230032 2.46966e-23 0
0 0.0794164 0.916536 1.44946 0.620721 0.154148 3.55085 0
0 0.939263 0.381607 0.118981 0.808266 0.981866 5.26715e-06 0
0 0.2221 0.251936 1.22868 2.30516 1.18251 2.19767 0
0 0.260618 0.287507 1.16908 1.83644 1.12747 1.36927 0
0 0.276942 0.910387 1.14382 2.42761 0.163662 0.00440537 0
0 0.333767 0.331087 1.05589 0.634476 1.06004 0.604976 0
0 0.795574 0.272964 0.341317 0.608302 1.14997 0.0179024 0
0 0.490182 0.208261 0.813864 2.06736 1.25009 0.736511 0
0 0.646374 0.828893 0.572182 2.57296 0.289761 6.83004e-13 0
0 0.864855 0.580859 0.234116 2.14188 0.673556 2.19277e-11 0
0 0.231507 0.023135 1.21412 1.35461 1.53655 13.3055 0
0 0.126493 0.27456 1.37662 1.39932 1.1475 5.34472 0
0 0.212917 0.924887 1.24289 0.136559 0.141225 0.0633206 0
0 0.686816 0.79686 0.509603 1.42376 0.339327 1.96096e-13 0
0 0.96263 0.0811819 0.0828239 2.66989 1.44673 1.26807 0
0 0.516205 0.00826079 0.773597 1.83407 1.55956 13.5059 0
0 0.861385 0.978772 0.239485 2.54771 0.0578473 2.81506e-31 0
0 0.120957 0.288523 1.38518 2.37198 1.1259 5.50256 0
0 0.488843 0.271689 0.815936 1.9067 1.15195 0.344462 0
0 0.909373 0.150923 0.165231 2.53063 1.33881 0.305141 0
0 0.86763 0.927514 0.229823 2.20646 0.137161 1.49949e-28 0
0 0.623752 0.88882 0.607185 2.37983 0.197034 8.96489e-14 0
0 0.67996 0.324198 0.520213 1.6637 1.0707 0.0155097 0
0 0.328863 0.0459181 1.06348 0.357167 1.50129 9.4636 0
0 0.5709 0.816626 0.688966 1.36364 0.308742 7.26949e-10 0
0 0.424884 0.9126 0.914902 2.37324 0.160