mutation probability per bit=0.01
bias fitness=1e-99
number of Individuals per Generation=100
number of Generations=100
Generation x y theta psi phi lattice_sum fitness
0 0.972254 0.134123 0.067932 0.135864 1.36481 18.0937 2.43457e-05
0 0.586888 0.0343626 0.664226 2.72962 1.51917 36.2763 6.32869e-07
0 0.333344 0.745856 1.05655 1.32845 0.418248 25.7702 5.27603e-05
0 0.359385 0.12715 1.01625 3.03835 1.3756 52.039 8.30149e-10
0 0.874302 0.489175 0.219499 2.11309 0.815422 6.67173 0.163831
0 0.324811 0.19861 1.06975 0.836496 1.26503 54.307 3.19497e-10
0 0.223854 0.669795 1.22596 2.0325 0.535941 54.6943 2.71427e-10
0 0.65627 0.630699 0.556869 2.7512 0.596436 8.80882 0.0666247
0 0.516474 0.792807 0.77318 0.438997 0.345599 10.9927 0.0265658
0 0.707038 0.806977 0.478314 1.63084 0.323672 6.02251 0.215328
0 0.26265 0.548739 1.16593 2.1395 0.723256 48.8193 3.22012e-09
0 0.490008 0.922137 0.814133 2.53005 0.145482 10.5133 0.0325066
0 0.830428 0.691393 0.287386 2.45193 0.502522 5.16351 0.309148
0 0.888417 0.0243082 0.197658 1.07188 1.53473 26.744 3.50145e-05
0 0.0422012 0.265251 1.50704 1.11374 1.16191 157.565 4.20887e-29
0 0.955705 0.235761 0.0935389 1.19287 1.20754 11.9075 0.018074
0 0.1768 0.265485 1.29877 1.54636 1.16155 94.0771 1.70866e-17
0 0.954851 0.0348179 0.0948616 0.691197 1.51847 25.0927 7.01756e-05
0 0.23346 0.355354 1.2111 0.956627 1.02249 68.441 8.32009e-13
0 0.207664 0.361017 1.25102 0.647345 1.01373 77.3799 1.93052e-14
0 0.343184 0.00486615 1.04132 2.33187 1.56481 56.6523 1.19023e-10
0 0.773985 0.360986 0.374723 1.44651 1.01377 11.3203 0.0231428
0 0.0264476 0.235866 1.53142 1.62827 1.20738 161.549 7.86318e-30
0 0.985481 0.697921 0.0474659 0.290963 0.49242 3.64382 0.586186
0 0.971949 0.892266 0.0684042 0.574772 0.191702 2.8692 0.812217
0 0.744564 0.746136 0.420247 1.00504 0.417815 5.89651 0.22706
0 0.354902 0.208854 1.02319 0.395316 1.24918 48.993 2.99299e-09
0 0.67421 0.13586 0.529109 3.06946 1.36212 27.5819 2.46066e-05
0 0.194658 0.977303 1.27114 3.01409 0.0601207 51.7513 9.37071e-10
0 0.20671 0.822519 1.25249 2.32382 0.299624 53.664 4.18838e-10
0 0.514512 0.835279 0.776217 0.187078 0.279879 10.5404 0.0321377
0 0.561044 0.0362294 0.704215 2.41508 1.51628 37.5598 3.68665e-07
0 0.795918 0.468333 0.340785 2.59755 0.847672 8.29483 0.082721
0 0.752632 0.719962 0.407764 2.32309 0.458315 5.98558 0.218703
0 0.954114 0.668633 0.0960008 0.189723 0.537739 4.072 0.48949
0 0.925518 0.741685 0.14025 3.03694 0.424702 3.87661 0.531461
0 0.561689 0.32717 0.703217 2.4222 1.0661 21.4844 0.000320591
0 0.425279 0.47481 0.914292 2.04498 0.837649 25.0342 7.19264e-05
0 0.176773 0.520913 1.29882 2.50203 0.766312 83.0522 1.77222e-15
0 0.205353 0.937675 1.25459 2.02745 0.121438 49.0762 2.89002e-09
0 0.938113 0.290594 0.120761 2.08264 1.12269 9.99871 0.0403709
0 0.171295 0.252037 1.30729 3.12963 1.18236 96.9597 5.07676e-18
0 0.432154 0.455145 0.903653 0.749447 0.868078 25.2476 6.57449e-05
0 0.207715 0.261585 1.25094 2.02755 1.16758 81.6803 3.15762e-15
0 0.52085 0.997014 0.766409 3.06284 0.0296208 8.73746 0.0686568
0 0.505374 0.776147 0.790356 2.41476 0.371378 11.6697 0.0199776
0 0.792911 0.557932 0.345437 0.0949318 0.709032 7.00406 0.142439
0 0.742912 0.797184 0.422803 0.984839 0.338826 5.54507 0.263269
0 0.291688 0.727579 1.121 0.136808 0.446529 33.3652 2.15573e-06
0 0.0584168 0.376256 1.48195 0.383404 0.990146 151.129 6.32404e-28
0 0.0836904 0.308139 1.44285 0.840494 1.09555 140.226 6.23014e-26
0 0.511274 0.378519 0.781226 0.835631 0.986645 22.2313 0.000234091
0 0.219969 0.870751 1.23198 2.04638 0.224992 46.5229 8.46748e-09
0 0.115227 0.784029 1.39405 2.49835 0.359181 107.757 5.3871e-20
0 0.0763832 0.0723863 1.45415 1.05822 1.46034 145.417 7.00274e-27
0 0.0307259 0.627347 1.5248 2.72424 0.601622 159.541 1.83178e-29
0 0.573237 0.203159 0.685349 2.54228 1.25799 28.3929 1.74892e-05
0 0.439601 0.758236 0.89213 0.120241 0.399092 15.3818 0.00418591
0 0.993074 0.0340041 0.0357169 2.50498 1.51973 24.4255 9.29358e-05
0 0.908043 0.946054 0.16729 0.599249 0.108473 3.11252 0.733131
0 0.0284865 0.760914 1.52827 1.55243 0.394948 159.655 1.74542e-29
0 0.726712 0.67502 0.44787 0.559758 0.527855 6.81782 0.154057
0 0.135954 0.178652 1.36198 1.40843 1.29591 115.527 2.04465e-21
0 0.693591 0.753292 0.49912 3.03257 0.406743 6.68144 0.163162
0 0.894853 0.802635 0.187699 0.68157 0.330391 3.8179 0.54476
0 0.318558 0.0757498 1.07943 1.69534 1.45513 59.6065 3.43142e-11
0 0.128776 0.131416 1.37308 0.815528 1.369 119.752 3.45166e-22
0 0.402311 0.41475 0.949831 0.916631 0.930583 30.5353 7.09621e-06
0 0.62167 0.784711 0.610406 0.192002 0.358126 7.8833 0.0983702
0 0.443623 0.537001 0.885906 1.07548 0.741418 20.8633 0.000416411
0 0.556731 0.822637 0.71089 0.280499 0.299442 9.24745 0.0553902
0 0.108071 0.633996 1.40512 0.849404 0.591333 118.426 6.03263e-22
0 0.141781 0.545277 1.35296 1.40643 0.728614 100.914 9.6078e-19
0 0.585109 0.468967 0.666979 2.1322 0.846691 14.4639 0.00616077
0 0.139872 0.536276 1.35591 1.82858 0.742541 102.419 5.09696e-19
0 0.293761 0.0770971 1.11779 1.6753 1.45305 64.0206 5.35033e-12
0 0.379998 0.642887 0.984357 2.59763 0.577576 23.3212 0.000147945
0 0.23134 0.473668 1.21438 1.53262 0.839416 62.7579 9.1045e-12
0 0.685903 0.193374 0.511015 2.50918 1.27313 23.0735 0.000164205
0 0.563362 0.0199796 0.700629 0.242877 1.54143 37.6829 3.50041e-07
0 0.963171 0.331787 0.0819875 0.241521 1.05895 8.33132 0.0814602
0 0.0074489 0.896148 1.56082 2.24539 0.185695 163.804 3.0439e-30
0 0.872845 0.513502 0.221752 2.61458 0.777779 6.36763 0.186208
0 0.208142 0.832677 1.25028 2.36471 0.283906 52.6166 6.50957e-10
0 0.442738 0.361685 0.887276 1.80731 1.01269 29.0106 1.34839e-05
0 0.98421 0.648872 0.049433 1.73616 0.568316 3.95211 0.514834
0 0.0176816 0.380627 1.54498 2.50188 0.983383 162.886 4.47992e-30
0 0.623218 0.777847 0.608011 2.33516 0.368747 7.91337 0.0971325
0 0.361328 0.334517 1.01324 1.53282 1.05473 40.7699 9.54264e-08
0 0.288575 0.0383612 1.12582 0.0592415 1.51299 65.5793 2.77571e-12
0 0.913929 0.774738 0.158181 1.58071 0.373557 3.79721 0.549528
0 0.69912 0.0330381 0.490565 0.742756 1.52122 31.6928 4.35906e-06
0 0.837275 0.586817 0.276791 0.690874 0.664336 6.0082 0.216629
0 0.594928 0.954278 0.651785 1.41806 0.0957484 7.10339 0.136605
0 0.264852 0.859961 1.16253 0.845607 0.241688 34.2109 1.50998e-06
0 0.637516 0.327448 0.585887 0.677653 1.06567 17.4101 0.00178204
0 0.555361 0.364643 0.71301 2.242 1.00812 19.985 0.000602723
0 0.928695 0.788254 0.135333 0.893057 0.352644 3.60852 0.594963
0 0.356427 0.190384 1.02083 2.96391 1.27775 49.7056 2.2173e-09
0 0.609499 0.674169 0.629239 1.98029 0.529172 9.46261 0.0505933
1 0.971949 0.892266 0.0684042 0.574772 0.191702 2.8692 0.812217
1 0.894801 0.777642 0.604152 2.31995 0.362491 3.9473 0.215306
1 0.985355 0.694411 0.12083 0.86998 0.338325 3.66471 0.581054
1 0.963144 0.331706 0.169163 0.676651 0.314159 8.33384 0.0813737
1 0.971931 0.892116 0.0483322 0.531654 0.338325 2.86985 0.811996
1 0.874298 0.489138 0.217495 0.676651 0.652485 6.67229 0.163792
1 0.830364 0.668538 0.0724983 0.144997 0.531654 5.34439 0.286479
1 0.62143 0.648767 0.0483322 1.69163 0.55582 9.47596 0.0503096
1 0.907981 0.947767 0.0241661 0.289993 0.483322 3.10696 0.734849
1 0.837198 0.586771 0.289993 0.579986 0.0966644 6.00974 0.21649
1 0.846961 0.892116 0.0483322 0.531654 0.169163 3.82295 0.543603
1 0.623139 0.945814 0.144997 0.579986 0.0966644 6.56475 0.171378
1 0.907249 0.954113 0.628319 1.40163 0.0724983 3.09019 0.740058
1 0.594826 0.954113 0.217495 2.60994 0.773315 7.10686 0.136406
1 0.83012 0.954113 0.628319 1.40163 0.0724983 3.71589 0.568667
1 0.907981 0.947767 0.0241661 0.289993 0.483322 3.10696 0.734849
1 0.913351 0.691238 0.265827 2.41661 0.483322 4.28759 0.447017
1 0.742739 0.798389 0.217495 2.60994 0.773315 5.53925 0.263915
1 0.935319 0.513302 0.217495 2.60994 0.773315 5.59194 0.258125
1 0.985355 0.697828 0.0241661 0.289993 0.362491 3.6453 0.585823
1 0.898218 0.774713 0.144997 1.54663 0.362491 3.93267 0.519064
1 0.954113 0.668538 0.0724983 0.193329 0.43499 4.07263 0.489361
1 0.907981 0.945814 0.144997 0.579986 0.0966644 3.11381 0.732735
1 0.985355 0.697828 0.0241661 0.289993 0.459156 3.6453 0.585823
1 0.987796 0.741518 0.12083 2.9966 0.410824 3.39551 0.650787
1 0.520869 0.892116 0.0483322 0.531654 0.169163 9.68929 0.045988
1 0.994386 0.745912 0.410824 0.966644 0.410824 3.32768 0.66964
1 0.971931 0.892116 0.0483322 1.69163 0.55582 2.86985 0.811996
1 0.984135 0.648767 0.0483322 1.69163 0.55582 3.95339 0.514555
1 0.726629 0.674884 0.43499 0.531654 0.410824 6.82064 0.153874
1 0.963144 0.331706 0.0724983 0.193329 1.03914 8.33384 0.0813737
1 0.913839 0.774713 0.144997 1.40163 0.0724983 3.7981 0.549322
1 0.913839 0.760312 0.0241661 0.289993 0.483322 3.87416 0.53201
1 0.913839 0.774713 0.144997 1.54663 0.362491 3.7981 0.549322
1 0.726629 0.649744 0.144997 1.54663 0.362491 7.08169 0.137859
1 0.726629 0.674884 0.43499 1.54663 0.362491 6.82064 0.153874
1 0.983647 0.892116 0.0483322 0.531654 0.169163 2.79682 0.83735
1 0.971931 0.892116 0.0483322 0.531654 0.169163 2.86985 0.811996
1 0.894557 0.719795 0.386658 2.31995 0.43499 4.28241 0.447995
1 0.925311 0.741518 0.12083 2.9966 0.507488 3.87928 0.530864
1 0.752502 0.720039 0.0483322 1.69163 0.55582 5.98691 0.218581
1 0.971931 0.586771 0.265827 0.676651 0.652485 4.51143 0.406814
1 0.837198 0.586771 0.217495 0.966644 0.410824 6.00974 0.21649
1 0.830364 0.648767 0.0483322 1.69163 0.55582 5.51042 0.267137
1 0.971931 0.892116 0.0483322 0.531654 0.0966644 2.86985 0.811996
1 0.872834 0.513302 0.0483322 0.531654 0.169163 6.37033 0.185996
1 0.742739 0.797169 0.0483322 0.531654 0.169163 5.54767 0.262981
1 0.744447 0.745912 0.410824 0.966644 0.483322 5.90003 0.226723
1 0.907981 0.947034 0.169163 0.676651 0.314159 3.10953 0.734057
1 0.907981 0.945814 0.0241661 0.289993 0.483322 3.11381 0.732735
1 0.726629 0.674884 0.410824 0.144997 0.338325 6.82064 0.153874
1 0.62143 0.781547 0.410824 0.966644 0.338325 7.91962 0.0968772
1 0.959727 0.788138 0.12083 0.86998 0.338325 3.37319 0.656931
1 0.984135 0.649744 0.144997 1.54663 0.362491 3.947 0.515941
1 0.907981 0.945814 0.144997 0.531654 0.507488 3.11381 0.732735
1 0.830364 0.691238 0.265827 2.41661 0.0966644 5.16547 0.308893
1 0.954113 0.668538 0.0966644 1.69163 0.55582 4.07263 0.489361
1 0.985355 0.697828 0.0241661 0.966644 0.410824 3.6453 0.585823
1 0.594826 0.892116 0.0483322 0.531654 0.169163 7.57365 0.112068
1 0.773981 0.360752 0.265827 0.144997 0.531654 11.3277 0.0230711
1 0.89895 0.360752 0.362491 1.40163 0.99081 8.65893 0.0709647
1 0.894801 0.802538 0.749149 0.43499 0.338325 3.81884 0.544547
1 0.954113 0.668538 0.0724983 0.144997 0.531654 4.07263 0.489361
1 0.837198 0.802538 0.169163 0.676651 0.314159 4.36329 0.432996
1 0.594826 0.966317 0.217495 2.60994 0.773315 7.02202 0.141366
1 0.726629 0.674884 0.43499 0.483322 0.483322 6.82064 0.153874
1 0.971931 0.892116 0.0483322 0.531654 0.169163 2.86985 0.811996
1 0.744447 0.749329 0.12083 2.9966 0.410824 5.87331 0.229289
1 0.925311 0.741518 0.12083 0.86998 0.338325 3.87928 0.530864
1 0.907981 0.892116 0.0483322 0.531654 0.169163 3.3138 0.673565
1 0.928484 0.969734 0.386658 2.31995 0.43499 2.89081 0.80486
1 0.907249 0.668538 0.0724983 0.144997 0.531654 4.49949 0.408866
1 0.894801 0.798145 0.0966644 2.07828 1.11164 3.84092 0.539506
1 0.706859 0.806932 0.459156 1.59496 0.314159 6.02575 0.215035
1 0.860386 0.697828 0.0241661 0.289993 0.483322 4.77456 0.364154
1 0.837198 0.586771 0.265827 0.676651 0.314159 6.00974 0.21649
1 0.939712 0.691238 0.265827 2.41661 0.483322 4.05168 0.493696
1 0.907981 0.94679 0.0483322 0.531654 0.169163 3.11038 0.733792
1 0.894801 0.784965 0.265827 2.41661 0.483322 3.90867 0.524336
1 0.925311 0.741518 0.12083 2.22328 0.652485 3.87928 0.530864
1 0.795704 0.468147 0.338325 2.56161 0.845813 8.30223 0.0824638
1 0.907981 0.945814 0.144997 0.579986 0.652485 3.11381 0.732735
1 0.706859 0.806932 0.459156 0.144997 0.531654 6.02575 0.215035
1 0.928484 0.78887 0.169163 0.676651 0.314159 3.6072 0.595295
1 0.909446 0.892116 0.0483322 0.531654 0.169163 3.30269 0.676722
1 0.928484 0.798389 0.0483322 0.531654 0.169163 3.56138 0.606889
1 0.907249 0.697828 0.0241661 0.289993 0.483322 4.30184 0.444345
1 0.595558 0.806932 0.459156 1.59496 0.314159 8.31301 0.0820903
1 0.954113 0.668538 0.0724983 0.531654 1.11164 4.07263 0.489361
1 0.925311 0.741518 0.144997 0.531654 0.169163 3.87928 0.530864
1 0.594826 0.954113 0.628319 1.40163 0.0724983 7.10686 0.136406
1 0.913839 0.892116 0.0483322 0.531654 0.169163 3.26965 0.686201
1 0.694166 0.513302 0.217495 2.60994 0.773315 9.72399 0.0453211
1 0.907981 0.94557 0.0483322 1.69163 0.55582 3.11466 0.73247
1 0.894801 0.802538 0.169163 0.676651 0.483322 3.81884 0.544547
1 0.984135 0.945814 0.144997 0.579986 0.0966644 2.61867 0.902572
1 0.928484 0.796192 0.338325 2.56161 0.845813 3.57186 0.604218
1 0.971931 0.892116 0.0483322 0.531654 0.193329 2.86985 0.811996
1 0.971931 0.892116 0.0483322 0.144997 0.531654 2.86985 0.811996
2 0.984135 0.945814 0.144997 0.579986 0.0966644 2.61867 0.902572
2 0.925311 0.741518 0.0966644 0.821647 0.314159 3.87928 0.530864
2 0.971931 0.892116 0.0483322 0.483322 0.144997 2.86985 0.811996
2 0.913351 0.691238 0.241661 2.41661 0.507488 4.28759 0.447017
2 0.928484 0.78887 0.144997 0.628319 0.314159 3.6072 0.595295
2 0.795704 0.468147 0.314159 2.56161 0.821647 8.30223 0.0824638
2 0.907981 0.94679 0.169163 0.386658 0.314159 3.11038 0.733792
2 0.837198 0.642177 0.0483322 0.483322 0.144997 5.48137 0.270425
2 0.954113 0.668538 0.0241661 0.241661 0.459156 4.07263 0.489361
2 0.83012 0.697828 0.0241661 0.241661 0.338325 5.11862 0.315047
2 0.969734 0.697828 0.0241661 0.241661 0.459156 3.76525 0.55697
2 0.939712 0.691238 0.241661 2.41661 0.507488 4.05168 0.493696
2 0.906029 0.648767 0.0483322 1.64329 0.531654 4.65522 0.382917
2 0.735416 0.697828 0.0241661 0.241661 0.459156 6.45092 0.179792
2 0.985355 0.697828 0.0241661 0.966644 0.338325 3.6453 0.585823
2 0.925311 0.741518 0.0966644 2.9966 0.507488 3.87928 0.530864
2 0.971931 0.900171 0.144997 0.628319 0.314159 2.84165 0.821694
2 0.959727 0.788138 0.0966644 0.821647 0.144997 3.37319 0.656931
2 0.971931 0.890896 0.0483322 1.64329 0.531654 2.87416 0.810522
2 0.913839 0.774713 0.12083 1.3533 0.0483322 3.7981 0.549322
2 0.706859 0.760312 0.0241661 0.241661 0.459156 6.38824 0.184599
2 0.907981 0.945814 0.0483322 0.0966644 0.507488 3.11381 0.732735
2 0.971931 0.892116 0.0483322 0.0966644 0.531654 2.86985 0.811996
2 0.907981 0.94557 0.0483322 1.64329 0.531654 3.11466 0.732471
2 0.907981 0.945814 0.0483322 0.483322 0.144997 3.11381 0.732735
2 0.6639 0.892116 0.0483322 0.483322 0.144997 6.15731 0.203448
2 0.971931 0.588235 0.459156 0.0966644 0.507488 4.49949 0.408865
2 0.907981 0.947034 0.144997 2.60994 0.773315 3.10953 0.734057
2 0.907249 0.954113 0.628319 1.3533 0.0483322 3.09019 0.740058
2 0.954113 0.668538 0.0966644 1.64329 0.531654 4.07263 0.489361
2 0.925311 0.741518 0.0966644 2.17495 0.652485 3.87928 0.530864
2 0.909446 0.798389 0.193329 2.60994 0.773315 3.71529 0.568811
2 0.984135 0.648767 0.0483322 1.64329 0.531654 3.95339 0.514555
2 0.907249 0.991457 0.0966644 2.9966 0.386658 2.96608 0.779756
2 0.706615 0.697828 0.0241661 0.918312 0.386658 6.95457 0.145438
2 0.925555 0.78887 0.144997 0.628319 0.314159 3.63056 0.589468
2 0.594826 0.966317 0.193329 2.60994 0.386658 7.02202 0.141366
2 0.985355 0.697828 0.0241661 0.241661 0.314159 3.6453 0.585823
2 0.971931 0.892116 0.0483322 0.531654 0.169163 2.86985 0.811996
2 0.971931 0.892116 0.241661 2.41661 0.459156 2.86985 0.811996
2 0.972419 0.945814 0.0241661 0.241661 0.459156 2.6881 0.876568
2 0.742739 0.798389 0.193329 2.60994 0.773315 5.53925 0.263915
2 0.971931 0.892116 0.0483322 0.483322 0.0966644 2.86985 0.811996
2 0.907981 0.945814 0.12083 2.9966 0.386658 3.11381 0.732735
2 0.813522 0.697828 0.0241661 0.241661 0.459156 5.32208 0.289183
2 0.830364 0.648767 0.0483322 1.59496 0.459156 5.51042 0.267137
2 0.913839 0.892116 0.0483322 0.483322 0.144997 3.26965 0.686201
2 0.971931 0.892116 0.0483322 0.483322 0.144997 2.86985 0.811996
2 0.954113 0.668538 0.0483322 0.0966644 0.55582 4.07263 0.489361
2 0.894801 0.802538 0.749149 0.483322 0.144997 3.81884 0.544547
2 0.907981 0.945814 0.0483322 0.0966644 0.507488 3.11381 0.732735
2 0.907981 0.947767 0.0241661 0.289993 0.314159 3.10696 0.734849
2 0.971931 0.900903 0.0241661 0.241661 0.459156 2.83911 0.822573
2 0.907981 0.947767 0.0241661 0.241661 0.459156 3.10696 0.734849
2 0.907249 0.954113 0.386658 0.918312 0.386658 3.09019 0.740058
2 0.894801 0.799854 0.386658 0.0966644 0.314159 3.8323 0.541468
2 0.742739 0.798389 0.193329 2.56161 0.821647 5.53925 0.263915
2 0.913839 0.774713 0.12083 1.54663 0.338325 3.7981 0.549322
2 0.872834 0.616549 0.0966644 2.9966 0.386658 5.276 0.294848
2 0.985355 0.697828 0.0241661 0.241661 0.459156 3.6453 0.585823
2 0.954113 0.668538 0.0483322 0.0483322 0.459156 4.07263 0.489361
2 0.971931 0.892116 0.0966644 1.64329 0.531654 2.86985 0.811996
2 0.983647 0.892116 0.0483322 0.483322 0.314159 2.79682 0.83735
2 0.830364 0.94557 0.0483322 1.64329 0.531654 3.74815 0.560996
2 0.907981 0.89114 0.12083 0.483322 0.507488 3.31766 0.672471
2 0.830364 0.668538 0.0483322 0.0966644 0.507488 5.34439 0.286479
2 0.898218 0.774713 0.12083 0.483322 0.507488 3.93267 0.519064
2 0.985355 0.697828 0.0483322 0.483322 0.0966644 3.6453 0.585823
2 0.928484 0.78887 0.144997 0.676651 0.144997 3.6072 0.595295
2 0.925311 0.741518 0.0966644 2.9966 0.773315 3.87928 0.530864
2 0.959727 0.788138 0.0966644 1.06331 0.386658 3.37319 0.656931
2 0.985355 0.697828 0.0241661 0.289993 0.773315 3.6453 0.585823
2 0.971931 0.89236 0.0966644 2.9966 0.386658 2.86898 0.812291
2 0.956798 0.806932 0.459156 1.59496 0.314159 3.30927 0.67485
2 0.925311 0.741518 0.12083 0.483322 0.0966644 3.87928 0.530864
2 0.913839 0.648767 0.0483322 1.64329 0.531654 4.57769 0.395622
2 0.928484 0.798389 0.0483322 0.0966644 0.531654 3.56138 0.606889
2 0.928484 0.796192 0.314159 2.56161 0.821647 3.57186 0.604218
2 0.872834 0.513302 0.0483322 0.483322 0.12083 6.37033 0.185996
2 0.898218 0.774713 0.12083 0.531654 0.652485 3.93267 0.519064
2 0.595558 0.806932 0.459156 1.59496 0.0483322 8.31301 0.0820903
2 0.971931 0.586527 0.0483322 0.483322 0.144997 4.51343 0.406473
2 0.954113 0.668538 0.0483322 0.0966644 0.338325 4.07263 0.489361
2 0.971931 0.892116 0.0483322 0.483322 0.338325 2.86985 0.811996
2 0.954113 0.668538 0.0483322 2.60994 0.773315 4.07263 0.489361
2 0.594826 0.892116 0.0483322 0.483322 0.144997 7.57365 0.112068
2 0.907981 0.947034 0.144997 0.628319 0.0483322 3.10953 0.734057
2 0.907981 0.94679 0.0483322 0.483322 0.144997 3.11038 0.733792
2 0.983647 0.892116 0.0483322 0.483322 0.144997 2.79682 0.83735
2 0.907981 0.94679 0.0483322 0.483322 0.144997 3.11038 0.733792
2 0.971931 0.892116 0.0483322 1.64329 0.531654 2.86985 0.811996
2 0.935319 0.774713 0.12083 1.54663 0.338325 3.62283 0.59139
2 0.928484 0.798389 0.0483322 0.483322 0.12083 3.56138 0.606889
2 0.985355 0.694411 0.0966644 0.821647 0.338325 3.66471 0.581054
2 0.927996 0.892116 0.0483322 1.64329 0.531654 3.16602 0.716802
2 0.907981 0.945814 0.12083 0.0966644 0.507488 3.11381 0.732735
2 0.907981 0.954601 0.0483322 0.483322 0.144997 3.08324 0.742227
2 0.907737 0.668538 0.0966644 1.64329 0.531654 4.49473 0.409685
2 0.975348 0.969734 0.386658 2.27161 0.410824 2.59781 0.910531
