mutation probability per bit=0.01
bias fitness=1e-99
number of Individuals per Generation=100
number of Generations=100
Generation x y theta psi phi lattice_sum fitness
0 0.457823 0.9477 0.863934 1.72787 0.105926 8.59327 0.000169304
0 0.974986 0.641565 0.0637058 0.211853 0.579621 2.86457 0.43164
0 0.0988236 0.192553 1.41943 0.127412 1.2744 119.2 1.51047e-33
0 0.693455 0.979585 0.499331 1.15924 0.0565884 3.69454 0.253263
0 0.5592 0.0258974 0.707069 2.83886 1.53227 32.0738 3.06321e-09
0 0.221694 0.775254 1.22931 2.54879 0.372759 38.5159 4.88543e-11
0 0.128131 0.575344 1.37408 0.998661 0.682089 91.5076 8.03483e-26
0 0.051993 0.141414 1.49189 0.113177 1.35353 142.167 5.91235e-40
0 0.814711 0.257726 0.311706 1.41414 1.17355 10.8147 0.00261309
0 0.354765 0.399818 1.0234 3.06454 0.953689 29.4909 1.6097e-08
0 0.113175 0.174694 1.39722 2.45862 1.30203 111.779 1.77603e-31
0 0.481039 0.231966 0.828012 0.745517 1.21341 26.5748 1.04785e-07
0 0.223171 0.358372 1.22702 2.74816 1.01782 58.4898 1.30758e-16
0 0.542826 0.208568 0.732405 1.36418 1.24962 23.957 5.63174e-07
0 0.104999 0.390517 1.40987 2.98379 0.96808 111.962 1.57943e-31
0 0.914063 0.807113 0.157974 2.70705 0.323462 2.51884 0.538982
0 0.452393 0.270321 0.872336 0.623411 1.15406 26.5161 1.08813e-07
0 0.760238 0.535009 0.395994 2.3471 0.744501 5.78659 0.0660568
0 0.620142 0.851941 0.612771 2.0468 0.254099 5.33417 0.0883361
0 0.60459 0.695752 0.636835 1.90738 0.495776 6.85771 0.0331965
0 0.805544 0.300692 0.325891 2.79445 1.10707 9.44948 0.00628096
0 0.306951 0.044732 1.09739 2.60406 1.50313 52.1852 7.50549e-15
0 0.898976 0.96136 0.181319 1.65602 0.0847892 2.12595 0.69372
0 0.0688866 0.459514 1.46575 2.42682 0.861318 131.558 5.38828e-37
0 0.249704 0.039609 1.18597 2.45404 1.51105 62.5119 9.87099e-18
0 0.654246 0.875141 0.56 2.03564 0.218199 4.67035 0.135311
0 0.990841 0.394995 0.0391718 1.46481 0.96115 4.82105 0.122826
0 0.36018 0.145363 1.01502 2.49924 1.34742 42.5054 3.7662e-12
0 0.440979 0.0140189 0.889997 2.81975 1.55065 38.8153 4.03074e-11
0 0.935696 0.820328 0.1245 1.93616 0.303014 2.34261 0.603586
0 0.00707998 0.970238 1.56139 0.315948 0.0710516 152.666 6.96274e-43
0 0.258168 0.591077 1.17287 0.646924 0.657744 36.9097 1.37096e-10
0 0.983138 0.735564 0.0510916 1.74467 0.434173 2.38792 0.586272
0 0.886381 0.473267 0.200808 2.30813 0.840037 4.90079 0.116693
0 0.652671 0.554568 0.562437 0.791988 0.714237 7.45078 0.0226795
0 0.313984 0.832802 1.0865 1.489 0.283713 19.4522 1.01721e-05
0 0.25123 0.513831 1.1836 1.22554 0.77727 42.3895 4.05731e-12
0 0.720235 0.911725 0.457892 0.508198 0.161592 3.6818 0.255344
0 0.172003 0.730875 1.3062 1.27367 0.441429 59.5323 6.69317e-17
0 0.679887 0.529732 0.520324 0.991552 0.752667 7.22816 0.0261663
0 0.583623 0.378999 0.669278 0.651781 0.985902 13.3536 0.000511484
0 0.845337 0.638635 0.264317 2.21414 0.584155 3.8829 0.2244
0 0.843623 0.625942 0.266969 2.19477 0.603796 3.98569 0.21006
0 0.950431 0.827721 0.1017 3.00626 0.291575 2.23522 0.646695
0 0.693751 0.145454 0.498873 0.362638 1.34728 21.0813 3.57193e-06
0 0.564936 0.831338 0.698193 0.169578 0.285979 6.54568 0.0405642
0 0.635904 0.478373 0.588382 2.9315 0.832136 9.07617 0.00798314
0 0.417075 0.0867744 0.926985 1.72264 1.43807 39.1676 3.21431e-11
0 0.978317 0.167299 0.0585513 2.37193 1.31348 11.9825 0.0012341
0 0.0750329 0.591892 1.45624 3.02211 0.656484 125.453 2.72028e-35
0 0.466777 0.682068 0.850079 1.12 0.51695 11.3395 0.00186522
0 0.595702 0.565991 0.650588 0.436399 0.696561 8.65944 0.0104336
0 0.491852 0.974472 0.81128 0.0783436 0.0645013 7.31085 0.0248126
0 0.653797 0.674426 0.560696 1.9223 0.528775 6.09254 0.0542704
0 0.900834 0.296291 0.178443 2.03004 1.11388 7.84514 0.017604
0 0.490589 0.010738 0.813234 2.69483 1.55573 35.6778 3.02484e-10
0 0.54972 0.801751 0.721738 1.77999 0.331759 7.14431 0.0276143
0 0.955944 0.333653 0.09317 3.1013 1.05607 6.20164 0.050597
0 0.593956 0.56978 0.653289 0.248999 0.690699 8.64933 0.0105016
0 0.136791 0.659613 1.36068 0.606028 0.551696 82.4084 2.77679e-23
0 0.330188 0.3137 1.06143 3.12278 1.08694 37.6892 8.30923e-11
0 0.596571 0.428955 0.649244 0.142103 0.908602 11.3733 0.00182517
0 0.160341 0.850804 1.32424 2.34574 0.255857 59.7327 5.88485e-17
0 0.706842 0.581847 0.478617 1.31549 0.672027 6.09929 0.0540358
0 0.491925 0.920721 0.811167 0.102183 0.147672 7.71492 0.0191401
0 0.23644 0.414696 1.20649 0.868345 0.930667 51.6295 1.07251e-14
0 0.546616 0.507775 0.726541 0.401616 0.786641 11.2976 0.00191619
0 0.130563 0.711138 1.37032 1.68007 0.471969 83.9615 1.02386e-23
0 0.189597 0.943417 1.27897 1.12487 0.112553 42.6907 3.34358e-12
0 0.889746 0.539692 0.195601 1.42847 0.737254 4.21334 0.181482
0 0.783138 0.64742 0.36056 2.173 0.570563 4.46445 0.154446
0 0.781713 0.434508 0.362765 0.567427 0.90001 6.82099 0.0339889
0 0.135367 0.523951 1.36288 2.36721 0.761611 89.312 3.2926e-25
0 0.0559782 0.00898984 1.48573 1.55454 1.55843 140.809 1.41465e-39
0 0.20236 0.62203 1.25922 0.915784 0.60985 51.9974 8.46785e-15
0 0.746804 0.476549 0.416781 0.323184 0.834959 6.75232 0.0355218
0 0.841666 0.816084 0.269997 2.61239 0.309581 2.98452 0.399629
0 0.0211958 0.913556 1.53955 0.882859 0.158759 149.639 4.86539e-42
0 0.228737 0.415252 1.21841 1.04065 0.929806 53.854 2.56917e-15
0 0.118077 0.892527 1.38964 1.50533 0.191298 84.3281 8.09041e-24
0 0.765518 0.840531 0.387824 1.33856 0.271753 3.53565 0.280479
0 0.276013 0.0614131 1.14526 1.9718 1.47732 57.0102 3.38271e-16
0 0.0416512 0.985771 1.50789 0.528635 0.0470171 139.508 3.26173e-39
0 0.27757 0.581501 1.14285 1.16831 0.672562 33.1692 1.51554e-09
0 0.441048 0.030691 0.889891 0.533937 1.52485 38.6494 4.48406e-11
0 0.0650949 0.330833 1.47162 1.20759 1.06043 135.194 5.21459e-38
0 0.825147 0.834032 0.295558 0.203401 0.281809 3.04032 0.385557
0 0.753677 0.663377 0.406147 0.58315 0.545872 4.69589 0.133109
0 0.103226 0.0405921 1.41262 0.997746 1.50953 118.069 3.12401e-33
0 0.0071658 0.764012 1.56126 2.69455 0.390155 152.733 6.66694e-43
0 0.892419 0.403513 0.191465 1.39639 0.94797 5.74704 0.0677566
0 0.698087 0.0165562 0.492163 0.571957 1.54673 27.2727 6.69273e-08
0 0.927413 0.914645 0.137316 1.17676 0.157073 2.09682 0.706827
0 0.827968 0.463605 0.291193 1.66427 0.854987 5.71426 0.0691988
0 0.98686 0.184076 0.0453315 1.85397 1.28752 10.8424 0.00256702
0 0.249545 0.334515 1.18621 2.87615 1.05473 52.3423 6.78474e-15
0 0.370503 0.671737 0.999049 0.117103 0.532935 17.5694 3.40954e-05
0 0.566921 0.0693235 0.695121 2.62695 1.46508 30.5572 8.11451e-09
0 0.932058 0.874571 0.13013 2.91248 0.219082 2.18809 0.666575
0 0.999164 0.705848 0.0262944 1.31297 0.480154 2.4211 0.573908
1 0.927413 0.914645 0.137316 1.17676 0.157073 2.09682 0.706827
1 0.994874 0.851843 0.604152 2.02995 0.241661 1.93585 0.306811
1 0.937271 0.625824 0.265827 2.17495 0.579986 3.20675 0.346463
1 0.889675 0.539663 0.12083 1.93329 0.289993 4.21426 0.181374
1 0.89895 0.961191 0.169163 2.60994 0.289993 2.12654 0.693457
1 0.943373 0.979497 0.483322 1.11164 0.0483322 1.84978 0.828388
1 0.889675 0.539419 0.144997 2.7066 0.314159 4.21636 0.18113
1 0.936539 0.705638 0.0241661 1.30497 0.459156 2.79492 0.451391
1 0.753478 0.663168 0.386658 0.579986 0.0724983 4.6999 0.132767
1 0.935563 0.820112 0.12083 1.73996 0.410824 2.34412 0.603001
1 0.950207 0.828899 0.0483322 0.193329 0.55582 2.23258 0.647795
1 0.935319 0.875031 0.55582 2.02995 0.217495 2.16885 0.674866
1 0.843544 0.625824 0.265827 1.83662 0.289993 3.98728 0.209846
1 0.982914 0.73566 0.0483322 0.193329 0.55582 2.38877 0.585952
1 0.904076 0.815963 0.265827 2.60994 0.289993 2.549 0.52864
1 0.749085 0.705638 0.0241661 1.30497 0.459156 4.45365 0.155522
1 0.930193 0.961191 0.169163 1.64329 0.0724983 1.9594 0.772057
1 0.841591 0.815963 0.0483322 0.193329 0.55582 2.98559 0.399354
1 0.753478 0.711252 0.169163 1.64329 0.0724983 4.36498 0.164637
1 0.760068 0.534782 0.0966644 2.9966 0.289993 5.79165 0.0658428
1 0.693434 0.979497 0.483322 1.11164 0.0483322 3.69511 0.253169
1 0.999024 0.705638 0.12083 1.93329 0.289993 2.42274 0.573304
1 0.679766 0.529656 0.507488 0.966644 0.144997 7.23164 0.0261078
1 0.913839 0.806932 0.144997 1.11164 0.0483322 2.5209 0.53827
1 0.564804 0.831096 0.676651 0.193329 0.55582 6.55049 0.040439
1 0.783012 0.647303 0.0483322 0.193329 0.55582 4.46675 0.154218
1 0.927264 0.705638 0.0241661 1.30497 0.459156 2.85614 0.433983
1 0.97486 0.641445 0.43499 0.483322 0.144997 2.866 0.431243
1 0.982914 0.735416 0.0483322 1.73996 0.942478 2.38973 0.585589
1 0.982914 0.827679 0.0966644 2.9966 0.289993 2.06597 0.720973
1 0.825238 0.827679 0.0966644 2.9966 0.289993 3.06564 0.379338
1 0.935807 0.641445 0.0483322 0.193329 0.55582 3.1274 0.364581
1 0.781303 0.820112 0.12083 1.93329 0.289993 3.47885 0.290902
1 0.89895 0.961191 0.169163 2.17495 0.579986 2.12654 0.693457
1 0.931901 0.874542 0.12083 2.89993 0.289993 2.18904 0.666169
1 0.935563 0.81938 0.386658 0.579986 0.531654 2.34664 0.602027
1 0.950207 0.827679 0.0966644 2.9966 0.144997 2.23658 0.64613
1 0.720039 0.911643 0.43499 0.483322 0.12083 3.68423 0.254945
1 0.720283 0.638516 0.241661 2.17495 0.579986 5.34274 0.0878513
1 0.783012 0.646815 0.628319 1.88496 0.483322 4.47034 0.153863
1 0.950207 0.827679 0.0966644 2.9966 0.265827 2.23658 0.64613
1 0.902368 0.554552 0.55582 0.773315 0.700817 3.9746 0.211562
1 0.950207 0.827679 0.0966644 2.9966 0.289993 2.23658 0.64613
1 0.841591 0.827679 0.0966644 2.9966 0.289993 2.93805 0.411738
1 0.693434 0.952648 0.0966644 2.9966 0.289993 3.80363 0.236121
1 0.927508 0.46351 0.289993 1.64329 0.845813 4.58956 0.142519
1 0.760068 0.534782 0.386658 2.31995 0.724983 5.79165 0.0658428
1 0.693434 0.979497 0.483322 1.11164 0.0241661 3.69511 0.253169
1 0.990725 0.394923 0.0241661 1.44997 0.942478 4.8231 0.122664
1 0.697584 0.874542 0.12083 2.89993 0.217495 4.10708 0.194302
1 0.97486 0.641445 0.0966644 2.9966 0.289993 2.866 0.431243
1 0.720039 0.911887 0.0483322 0.193329 0.55582 3.68319 0.255115
1 0.913839 0.806932 0.144997 2.7066 0.144997 2.5209 0.53827
1 0.841591 0.815963 0.12083 2.89993 0.217495 2.98559 0.399354
1 0.966805 0.820112 0.12083 1.93329 0.289993 2.17241 0.673322
1 0.824994 0.834025 0.289993 2.9966 0.289993 3.04157 0.385248
1 0.765438 0.840371 0.386658 1.30497 0.265827 3.53715 0.280208
1 0.950207 0.827679 0.0966644 3.04493 0.0483322 2.23658 0.64613
1 0.927264 0.827679 0.0966644 2.9966 0.289993 2.36631 0.594466
1 0.913839 0.806932 0.144997 1.30497 0.652485 2.5209 0.53827
1 0.927264 0.961191 0.169163 1.64329 0.0724983 1.97441 0.764649
1 0.95216 0.705638 0.0241661 1.30497 0.459156 2.69549 0.481161
1 0.783012 0.827679 0.0966644 2.9966 0.289993 3.42855 0.300454
1 0.619966 0.851843 0.604152 2.22328 0.289993 5.33775 0.0881332
1 0.693434 0.979497 0.0241661 1.30497 0.459156 3.69511 0.253169
1 0.606297 0.834025 0.289993 0.193329 0.265827 5.6939 0.0701098
1 0.89895 0.979497 0.483322 1.11164 0.0483322 2.07901 0.71496
1 0.89895 0.961191 0.193329 2.27161 0.821647 2.12654 0.693457
1 0.889675 0.624603 0.12083 2.89993 0.217495 3.58295 0.272085
1 0.90432 0.820112 0.12083 1.93329 0.289993 2.53233 0.534333
1 0.982914 0.737857 0.459156 1.30497 0.652485 2.38012 0.589217
1 0.927264 0.914572 0.12083 1.15997 0.144997 2.09782 0.706369
1 0.886502 0.641445 0.0483322 0.193329 0.55582 3.50356 0.286319
1 0.931901 0.874542 0.12083 2.89993 0.217495 2.18904 0.666169
1 0.700024 0.834025 0.289993 0.193329 0.265827 4.28419 0.173408
1 0.833537 0.914572 0.12083 1.15997 0.144997 2.68059 0.48579
1 0.927264 0.914572 0.12083 1.40163 0.724983 2.09782 0.706369
1 0.97486 0.911643 0.43499 0.483322 0.144997 1.86675 0.819402
1 0.89895 0.961191 0.193329 2.27161 0.821647 2.12654 0.693457
1 0.89236 0.403466 0.0483322 1.73996 0.410824 5.74849 0.0676939
1 0.89895 0.961191 0.169163 1.64329 0.0724983 2.12654 0.693457
1 0.998047 0.820112 0.12083 1.93329 0.289993 2.01548 0.74474
1 0.753478 0.566024 0.265827 2.60994 0.289993 5.55015 0.076892
1 0.999024 0.701001 0.241661 2.17495 0.579986 2.44228 0.566153
1 0.82475 0.961191 0.169163 1.64329 0.0724983 2.59445 0.513427
1 0.841591 0.875031 0.55582 2.02995 0.217495 2.7589 0.461957
1 0.824994 0.834025 0.289993 0.193329 0.55582 3.04157 0.385248
1 0.845253 0.638516 0.241661 2.17495 0.579986 3.88448 0.224171
1 0.619966 0.852087 0.12083 1.15997 0.144997 5.33622 0.08822
1 0.903344 0.827679 0.0966644 2.9966 0.289993 2.51126 0.541614
1 0.765438 0.836466 0.12083 1.15997 0.144997 3.55493 0.277025
1 0.886258 0.482304 0.241661 2.17495 0.579986 4.8023 0.124314
1 0.933366 0.806932 0.144997 2.7066 0.314159 2.40298 0.580629
1 0.901879 0.473029 0.193329 2.27161 0.821647 4.74069 0.129333
1 0.913839 0.806932 0.144997 2.7066 0.0724983 2.5209 0.53827
1 0.701733 0.735416 0.0483322 1.73996 0.410824 4.85756 0.119979
1 0.841591 0.815963 0.265827 2.7066 0.314159 2.98559 0.399354
1 0.982914 0.735416 0.0483322 1.69163 0.483322 2.38973 0.585589
1 0.935807 0.641445 0.0483322 0.193329 0.55582 3.1274 0.364581
2 0.943373 0.979497 0.483322 1.11164 0.0483322 1.84978 0.828388
2 0.720039 0.827679 0.0966644 3.04493 0.0483322 4.0784 0.197916
2 0.781303 0.820112 0.0966644 1.88496 0.265827 3.47885 0.290902
2 0.998047 0.838174 0.12083 2.65827 0.12083 1.96081 0.771358
2 0.841591 0.875519 0.0966644 1.11164 0.12083 2.75715 0.462475
2 0.89895 0.961191 0.193329 1.88496 0.265827 2.12654 0.693457
2 0.999024 0.705638 0.0966644 2.9966 0.265827 2.42274 0.573304
2 0.935563 0.819136 0.410824 0.43499 0.12083 2.34748 0.601702
2 0.927264 0.914572 0.0966644 1.3533 0.700817 2.09782 0.706369
2 0.97486 0.911643 0.410824 0.43499 0.12083 1.86675 0.819402
2 0.943373 0.979497 0.459156 1.06331 0.0483322 1.84978 0.828388
2 0.982914 0.824506 0.144997 1.59496 0.0483322 2.07588 0.716395
2 0.889675 0.624603 0.0966644 2.9966 0.265827 3.58294 0.272085
2 0.913839 0.806932 0.12083 2.65827 0.241661 2.5209 0.53827
2 0.90432 0.820112 0.0966644 1.88496 0.217495 2.53233 0.534333
2 0.930193 0.961191 0.144997 1.59496 0.0483322 1.9594 0.772057
2 0.927264 0.979497 0.459156 1.06331 0.0241661 1.92937 0.787099
2 0.913839 0.806932 0.0966644 1.88496 0.265827 2.5209 0.53827
2 0.89895 0.961191 0.144997 1.73996 0.531654 2.12654 0.693457
2 0.931901 0.874542 0.0966644 2.9966 0.241661 2.18904 0.666169
2 0.89895 0.961191 0.144997 2.60994 0.0483322 2.12654 0.693457
2 0.950452 0.641445 0.0966644 2.9966 0.265827 3.02588 0.389149
2 0.889675 0.57774 0.0966644 2.9966 0.265827 3.9083 0.220767
2 0.841591 0.882597 0.0966644 2.22328 0.797481 2.73206 0.469992
2 0.950207 0.827679 0.0966644 2.9966 0.241661 2.23658 0.64613
2 0.89895 0.94435 0.386658 0.531654 0.507488 2.17199 0.673505
2 0.913839 0.806932 0.12083 1.06331 0.0483322 2.5209 0.53827
2 0.982914 0.735416 0.0483322 2.22328 0.265827 2.38973 0.585589
2 0.693434 0.952648 0.0966644 2.9966 0.265827 3.80363 0.236121
2 0.92824 0.737857 0.459156 1.30497 0.652485 2.70477 0.478301
2 0.95216 0.827679 0.0966644 2.9966 0.265827 2.22594 0.650564
2 0.927264 0.827679 0.0966644 2.9966 0.265827 2.36631 0.594466
2 0.841591 0.816207 0.0483322 0.193329 0.531654 2.98459 0.399611
2 0.998047 0.820112 0.0483322 1.69163 0.942478 2.01548 0.74474
2 0.843544 0.641445 0.0483322 0.193329 0.531654 3.88103 0.224669
2 0.927264 0.952648 0.0966644 2.9966 0.265827 1.99607 0.754084
2 0.943373 0.979497 0.459156 1.06331 0.0724983 1.84978 0.828388
2 0.932634 0.705638 0.0241661 1.30497 0.459156 2.82049 0.444036
2 0.833537 0.914572 0.0724983 2.65827 0.12083 2.68059 0.48579
2 0.976324 0.806932 0.12083 2.65827 0.0483322 2.16607 0.676072
2 0.97486 0.911643 0.483322 2.9966 0.265827 1.86675 0.819402
2 0.89895 0.961191 0.0241661 2.12662 0.55582 2.12654 0.693457
2 0.927264 0.705638 0.0966644 1.3533 0.700817 2.85614 0.433983
2 0.935563 0.854528 0.459156 1.06331 0.0483322 2.23075 0.648555
2 0.943373 0.979497 0.459156 1.06331 0.0483322 1.84978 0.828388
2 0.693434 0.979497 0.459156 1.06331 0.0724983 3.69511 0.253169
2 0.982914 0.735416 0.241661 1.83662 0.265827 2.38973 0.585589
2 0.982914 0.737857 0.459156 1.30497 0.43499 2.38012 0.589217
2 0.950207 0.827679 0.0966644 3.04493 0.0483322 2.23658 0.64613
2 0.935319 0.875031 0.531654 2.02995 0.193329 2.16885 0.674866
2 0.606297 0.834025 0.410824 0.43499 0.12083 5.6939 0.0701098
2 0.97486 0.927752 0.265827 0.193329 0.241661 1.82597 0.841155
2 0.936539 0.705638 0.0966644 1.88496 0.265827 2.79492 0.451391
2 0.902368 0.554552 0.579986 2.9966 0.265827 3.9746 0.211562
2 0.720039 0.891384 0.0483322 0.193329 0.531654 3.77254 0.240885
2 0.89895 0.961191 0.193329 1.59496 0.0483322 2.12654 0.693457
2 0.935807 0.63339 0.0966644 1.3533 0.700817 3.17321 0.354008
2 0.89895 0.961191 0.193329 2.22328 0.845813 2.12654 0.693457
2 0.720039 0.911643 0.483322 2.9966 0.265827 3.68423 0.254945
2 0.927264 0.914572 0.0966644 1.30497 0.12083 2.09782 0.706369
2 0.931901 0.874542 0.0966644 2.8516 0.0483322 2.18904 0.666169
2 0.783012 0.827679 0.0966644 2.9966 0.265827 3.42855 0.300454
2 0.950207 0.827679 0.0966644 2.9966 0.265827 2.23658 0.64613
2 0.720283 0.57774 0.0966644 3.04493 0.0483322 5.92599 0.0603989
2 0.935563 0.819868 0.410824 0.43499 0.12083 2.34496 0.602676
2 0.749085 0.705638 0.0241661 1.30497 0.459156 4.45365 0.155522
2 0.749085 0.705638 0.0483322 2.9966 0.12083 4.45365 0.155522
2 0.903344 0.979497 0.459156 1.06331 0.0483322 2.05493 0.726102
2 0.773981 0.961191 0.193329 2.22328 0.797481 2.9857 0.399326
2 0.982914 0.735416 0.0483322 1.59496 0.0483322 2.38973 0.585589
2 0.927264 0.826458 0.144997 1.59496 0.0483322 2.37049 0.592872
2 0.933366 0.647303 0.0483322 0.193329 0.531654 3.11202 0.368202
2 0.90432 0.624603 0.0966644 2.8516 0.193329 3.46373 0.29374
2 0.935563 0.827679 0.0966644 3.04493 0.0483322 2.31838 0.613056
2 0.841591 0.815963 0.0966644 3.04493 0.0483322 2.98559 0.399354
2 0.89895 0.999512 0.0966644 2.8516 0.193329 2.02915 0.738228
2 0.904076 0.814987 0.0241661 1.30497 0.459156 2.55258 0.527425
2 0.982914 0.737857 0.459156 1.30497 0.652485 2.38012 0.589217
2 0.933366 0.914572 0.0966644 1.3533 0.700817 2.06533 0.721268
2 0.982914 0.8206 0.604152 0.483322 0.217495 2.0882 0.710751
2 0.97486 0.641445 0.410824 0.676651 0.265827 2.866 0.431243
2 0.89895 0.979497 0.459156 0.0483322 0.0483322 2.07901 0.71496
2 0.927264 0.711252 0.193329 2.22328 0.797481 2.82991 0.441356
2 0.950207 0.830608 0.0241661 1.30497 0.459156 2.22699 0.650125
2 0.930193 0.963876 0.459156 1.06331 0.0241661 1.95272 0.77538
2 0.95216 0.705638 0.0241661 1.30497 0.0483322 2.69549 0.481161
2 0.982914 0.641445 0.0483322 0.193329 0.531654 2.81565 0.445419
2 0.844764 0.701001 0.217495 2.12662 0.55582 3.50879 0.28536
2 0.833537 0.914572 0.0966644 1.11164 0.289993 2.68059 0.48579
2 0.937271 0.625824 0.241661 2.07828 0.193329 3.20675 0.346463
2 0.841591 0.815963 0.241661 2.60994 0.265827 2.98559 0.399354
2 0.95216 0.705638 0.0483322 1.69163 0.942478 2.69549 0.481161
2 0.982914 0.827679 0.0966644 2.9966 0.265827 2.06597 0.720973
2 0.927264 0.915548 0.0966644 2.8516 0.193329 2.0951 0.707604
2 0.966561 0.815963 0.0483322 0.193329 0.531654 2.18729 0.666919
2 0.999024 0.529656 0.507488 0.918312 0.12083 3.40424 0.305183
2 0.90432 0.820112 0.0966644 1.73996 0.55582 2.53233 0.534333
2 0.994874 0.836222 0.144997 1.59496 0.0483322 1.98166 0.761096
2 0.782524 0.911887 0.0483322 0.193329 0.531654 3.08868 0.373764
3 0.97486 0.927752 0.265827 0.193329 0.241661 1.82597 0.841155
3 0.932634 0.705638 0.0966644 3.04493 0.0483322 2.82049 0.444036
3 0.966561 0.815963 0.0483322 0.193329 0.531654 2.18729 0.666919
3 0.936051 0.914572 0.0966644 1.30497 0.676651 2.05122 0.727837
3 0.833537 0.914572 0.0966644 1.06331 0.0241661 2.68059 0.48579
3 0.937271 0.628509 0.0966644 2.9966 0.241661 3.19102 0.349983
3 0.927264 0.820112 0.0483322 1.64329 0.942478 2.39243 0.584576
3 0.998291 0.911643 0.459156 2.9966 0.241661 1.76064 0.877205
3 0.982914 0.827679 0.0966644 1.06331 0.0966644 2.06597 0.720973
3 0.935563 0.819136 0.0966644 2.9966 0.217495 2.34748 0.601702
3 0.95216 0.705638 0.0483322 1.64329 0.942478 2.69549 0.481161
3 0.982914 0.737857 0.459156 1.30497 0.652485 2.38012 0.589217
3 0.999024 0.705638 0.0966644 1.30497 0.676651 2.42274 0.573304
3 0.89895 0.979497 0.459156 0.0483322 0.0966644 2.07901 0.71496
3 0.931901 0.874542 0.459156 1.30497 0.652485 2.18904 0.666169
3 0.841591 0.875519 0.0966644 1.06331 0.169163 2.75715 0.462475
3 0.931901 0.874542 0.0966644 2.80327 0.0241661 2.18904 0.666169
3 0.927264 0.915548 0.0966644 2.80327 0.193329 2.0951 0.707604
3 0.95216 0.827679 0.0724983 1.06331 0.0483322 2.22594 0.650564
3 0.943373 0.979497 0.12083 1.59496 0.0483322 1.84978 0.828388
3 0.943373 0.979497 0.459156 1.06331 0.0483322 1.84978 0.828388
3 0.97486 0.927752 0.0966644 2.80327 0.193329 1.82597 0.841155
3 0.930193 0.963876 0.0966644 1.88496 0.241661 1.95272 0.77538
3 0.841591 0.875519 0.0966644 2.9966 0.241661 2.75715 0.462476
3 0.95094 0.815963 0.0483322 0.193329 0.507488 2.27161 0.631753
3 0.749085 0.705638 0.0724983 1.01498 0.0483322 4.45365 0.155522
3 0.89895 0.999512 0.0966644 2.8516 0.652485 2.02915 0.738228
3 0.930193 0.963876 0.459156 1.01498 0.0483322 1.95272 0.77538
3 0.966561 0.815963 0.0483322 2.9966 0.241661 2.18729 0.666919
3 0.97486 0.927752 0.0966644 2.9966 0.241661 1.82597 0.841155
3 0.927264 0.937027 0.0966644 2.80327 0.193329 2.03676 0.734627
3 0.89895 0.999512 0.0966644 2.80327 0.241661 2.02915 0.738228
3 0.903832 0.914572 0.0966644 1.06331 0.265827 2.22825 0.649599
3 0.90432 0.820112 0.0483322 1.64329 0.942478 2.53233 0.534333
3 0.93483 0.911887 0.0483322 0.193329 0.507488 2.06503 0.721408
3 0.994874 0.836466 0.0966644 2.9966 0.241661 1.98093 0.761453
3 0.966317 0.819868 0.386658 0.386658 0.0966644 2.17577 0.67187
3 0.782524 0.979497 0.459156 1.01498 0.0483322 2.85513 0.434265
3 0.903344 0.979497 0.483322 2.9966 0.241661 2.05493 0.726102
3 0.783012 0.827679 0.0966644 2.9966 1.01498 3.42855 0.300454
3 0.97486 0.927752 0.241661 0.193329 0.289993 1.82597 0.841155
3 0.982914 0.641445 0.0483322 0.0966644 0.217495 2.81565 0.445419
3 0.927264 0.827679 0.459156 1.01498 0.0241661 2.36631 0.594466
3 0.936539 0.705638 0.0966644 2.9966 0.241661 2.79492 0.451391
3 0.904564 0.816207 0.0483322 0.193329 0.507488 2.54501 0.529996
3 0.97486 0.911643 0.386658 0.676651 0.241661 1.86675 0.819402
3 0.841591 0.905785 0.0966644 2.9966 0.217495 2.65261 0.4946
3 0.89895 0.976812 0.12083 1.59496 0.0483322 2.08586 0.711819
3 0.927264 0.952648 0.0966644 2.8516 0.676651 1.99607 0.754084
3 0.841591 0.877959 0.386658 0.483322 0.507488 2.74845 0.465067
3 0.927264 0.915548 0.0724983 1.30497 0.410824 2.0951 0.707604
3 0.930193 0.963876 0.459156 1.01498 0.0241661 1.95272 0.77538
3 0.913839 0.806932 0.0966644 2.60994 0.217495 2.5209 0.53827
3 0.966561 0.815963 0.0483322 0.193329 0.579986 2.18729 0.666919
3 0.97486 0.927752 0.241661 0.193329 0.507488 1.82597 0.841155
3 0.950207 0.830608 0.0966644 1.88496 0.241661 2.22699 0.650125
3 0.89895 0.961191 0.193329 1.59496 0.821647 2.12654 0.693457
3 0.903588 0.875519 0.0966644 1.06331 0.0966644 2.34856 0.601286
3 0.927264 0.824506 0.0241661 2.07828 0.531654 2.37721 0.590321
3 0.983158 0.914572 0.0966644 1.30497 0.676651 1.82092 0.843886
3 0.97486 0.641445 0.386658 2.9966 0.241661 2.866 0.431243
3 0.90432 0.820112 0.0966644 1.69163 0.531654 2.53233 0.534333
3 0.994874 0.836222 0.12083 1.59496 0.0483322 1.98166 0.761096
3 0.966561 0.815963 0.0483322 0.193329 0.217495 2.18729 0.666919
3 0.782524 0.911887 0.0483322 0.144997 0.507488 3.08868 0.373764
3 0.720039 0.891384 0.0483322 0.193329 0.241661 3.77254 0.240885
3 0.89895 0.961191 0.0241661 2.56161 0.0241661 2.12654 0.693457
3 0.899195 0.836222 0.12083 1.59496 0.0483322 2.50709 0.543066
3 0.89895 0.827679 0.0966644 2.9966 0.241661 2.53902 0.532039
3 0.927264 0.827679 0.0966644 2.9966 0.241661 2.36631 0.594466
3 0.935563 0.819136 0.12083 1.59496 0.0483322 2.34748 0.601702
3 0.904076 0.815963 0.0483322 0.193329 0.507488 2.549 0.52864
3 0.97486 0.927752 0.241661 0.193329 0.507488 1.82597 0.841155
3 0.92824 0.824506 0.12083 1.59496 0.0483322 2.37149 0.592493
3 0.90432 0.820112 0.0966644 1.69163 0.43499 2.53233 0.534333
3 0.720283 0.914572 0.0966644 1.30497 0.0966644 3.6692 0.257418
3 0.925799 0.854528 0.459156 1.01498 0.0483322 2.28577 0.626034
3 0.90432 0.987796 0.459156 1.30497 0.652485 2.02891 0.738343
3 0.89895 0.961435 0.0966644 1.30497 0.676651 2.1259 0.693745
3 0.927264 0.915548 0.0966644 2.80327 0.193329 2.0951 0.707604
3 0.818404 0.979497 0.459156 1.01498 0.0483322 2.58416 0.516834
3 0.930193 0.963876 0.459156 1.06331 0.0483322 1.95272 0.77538
3 0.994874 0.836222 0.12083 1.59496 0.0483322 1.98166 0.761096
3 0.935807 0.63339 0.0966644 1.30497 0.507488 3.17321 0.354008
3 0.90432 0.820112 0.0966644 1.69163 0.483322 2.53233 0.534333
3 0.89895 0.979497 0.459156 0.0483322 0.0483322 2.07901 0.71496
3 0.982914 0.735416 0.0483322 2.02995 0.507488 2.38973 0.585589
3 0.89895 0.735416 0.0483322 2.17495 0.241661 2.91243 0.41857
3 0.89895 0.961191 0.193329 2.17495 0.821647 2.12654 0.693457
3 0.982914 0.735416 0.0724983 1.01498 0.0483322 2.38973 0.585589
3 0.95216 0.705638 0.0483322 1.59496 0.459156 2.69549 0.481161
3 0.966561 0.815963 0.0483322 0.289993 0.217495 2.18729 0.666919
3 0.841591 0.815963 0.0966644 3.09326 0.217495 2.98559 0.399354
3 0.998047 0.838174 0.0966644 2.60994 0.0966644 1.96081 0.771358
3 0.930193 0.963876 0.459156 1.06331 0.0483322 1.95272 0.77538
3 0.89895 0.964364 0.459156 1.30497 0.652485 2.11817 0.697198
3 0.841591 0.882597 0.0966644 2.17495 0.86998 2.73206 0.469991
3 0.844764 0.701001 0.193329 2.07828 0.531654 3.50879 0.28536
3 0.999024 0.705638 0.0966644 2.9966 0.241661 2.42274 0.573304
4 0.998291 0.911643 0.459156 2.9966 0.241661 1.76064 0.877205
4 0.951672 0.827679 0.0966644 1.01498 0.0966644 2.22859 0.649455
4 0.930193 0.963876 0.459156 1.06331 0.193329 1.95272 0.77538
4 0.930193 0.94679 0.0966644 2.75494 0.193329 1.99595 0.75414
4 0.930193 0.963876 0.459156 1.01498 0.0483322 1.95272 0.77538
4 0.966317 0.817916 0.0966644 2.75494 0.193329 2.18216 0.66912
4 0.925799 0.854528 0.459156 0.193329 0.265827 2.28577 0.626034
4 0.966561 0.815475 0.241661 0.193329 0.217495 2.18889 0.666231
4 0.998291 0.911643 0.459156 2.9966 0.217495 1.76064 0.877205
4 0.996583 0.827679 0.0966644 2.9966 0.217495 1.99927 0.752534
4 0.89895 0.961191 0.193329 1.59496 0.797481 2.12654 0.693457
4 0.966561 0.815963 0.0483322 0.193329 0.193329 2.18729 0.666919
4 0.982914 0.737857 0.459156 1.30497 0.652485 2.38012 0.589217
4 0.966561 0.815963 0.0966644 3.09326 0.193329 2.18729 0.666919
4 0.89895 0.999512 0.0966644 2.02995 0.507488 2.02915 0.738228
4 0.999024 0.705638 0.193329 1.59496 0.797481 2.42274 0.573304
4 0.943373 0.979497 0.0966644 1.59496 0.0483322 1.84978 0.828388
4 0.857945 0.641445 0.0483322 0.0966644 0.193329 3.74877 0.244591
4 0.89895 0.999512 0.0966644 2.80327 0.652485 2.02915 0.738228
4 0.943373 0.990237 0.0966644 2.75494 0.193329 1.82497 0.841692
4 0.90432 0.820112 0.0483322 1.59496 0.966644 2.53233 0.534333
4 0.982426 0.820112 0.0483322 1.59496 0.942478 2.09219 0.708928
4 0.903588 0.875519 0.0966644 0.86998 0.507488 2.34856 0.601286
4 0.927264 0.955577 0.0483322 1.59496 0.942478 1.9886 0.757712
4 0.841591 0.815963 0.0966644 2.75494 0.217495 2.98559 0.399354
4 0.95216 0.827679 0.0966644 1.59496 0.0483322 2.22594 0.650564
4 0.927264 0.936539 0.0966644 1.59496 0.0483322 2.03806 0.734016
4 0.930193 0.963876 0.0966644 1.01498 0.0966644 1.95272 0.77538
4 0.912375 0.927752 0.0966644 2.75494 0.193329 2.14242 0.686419
4 0.92702 0.874542 0.0966644 2.75494 0.0241661 2.21611 0.654684
4 0.966317 0.819868 0.386658 0.386658 0.217495 2.17577 0.67187
4 0.903832 0.976812 0.0966644 1.59496 0.0483322 2.05907 0.724176
4 0.927264 0.91506 0.459156 1.01498 0.0483322 2.09646 0.706987
4 0.966561 0.815963 0.0966644 2.75494 0.217495 2.18729 0.666919
4 0.936051 0.914572 0.0966644 1.59496 0.0483322 2.05122 0.727837
4 0.994874 0.836466 0.0966644 2.9966 0.217495 1.98093 0.761453
4 0.783012 0.827679 0.0966644 1.01498 0.0483322 3.42855 0.300454
4 0.966561 0.815963 0.0483322 1.01498 0.0241661 2.18729 0.666919
4 0.845497 0.905785 0.0966644 2.9966 0.193329 2.62527 0.503365
4 0.97486 0.927752 0.0966644 2.9966 0.217495 1.82597 0.841155
4 0.896021 0.937027 0.0966644 2.75494 0.193329 2.20914 0.657622
4 0.931901 0.874542 0.0966644 0.628319 0.217495 2.18904 0.666169
4 0.935563 0.819136 0.0966644 2.9966 0.652485 2.34748 0.601702
4 0.89895 0.735416 0.0483322 2.12662 0.217495 2.91243 0.41857
4 0.90432 0.987796 0.459156 1.30497 0.652485 2.02891 0.738343
4 0.97486 0.628509 0.0483322 0.193329 0.507488 2.9355 0.412413
4 0.997559 0.937027 0.0966644 2.75494 0.193329 1.70279 0.910419
4 0.966561 0.815963 0.0966644 1.30497 0.652485 2.18729 0.666919
4 0.932145 0.979497 0.459156 0.0483322 0.0966644 1.90484 0.799599
4 0.97486 0.911643 0.0966644 1.30497 0.652485 1.86675 0.819402
4 0.997803 0.815963 0.0483322 0.193329 0.55582 2.02957 0.738031
4 0.930193 0.963876 0.0966644 1.88496 0.217495 1.95272 0.77538
4 0.89895 0.979497 0.459156 0.0483322 0.0724983 2.07901 0.71496
4 0.89895 0.999512 0.0966644 2.80327 0.652485 2.02915 0.738228
4 0.943373 0.979497 0.459156 1.06331 0.193329 1.84978 0.828388
4 0.950207 0.830608 0.459156 1.30497 0.652485 2.22699 0.650125
4 0.720039 0.891384 0.0724983 1.30497 0.652485 3.77254 0.240885
4 0.782524 0.921406 0.0483322 1.01498 0.0483322 3.05372 0.382254
4 0.97486 0.641201 0.0966644 2.9966 1.01498 2.86728 0.430888
4 0.89895 0.979497 0.459156 0.0483322 0.0483322 2.07901 0.71496
4 0.927264 0.735416 0.0483322 2.02995 0.507488 2.7216 0.473159
4 0.89895 0.999512 0.0966644 2.80327 0.0483322 2.02915 0.738228
4 0.900415 0.838174 0.0966644 2.60994 0.0966644 2.49257 0.548155
4 0.97486 0.911643 0.386658 0.628319 0.0483322 1.86675 0.819402
4 0.930193 0.961191 0.0241661 2.56161 0.0241661 1.9594 0.772057
4 0.89895 0.979497 0.459156 0.0483322 0.0966644 2.07901 0.71496
4 0.97486 0.815963 0.0483322 0.193329 0.193329 2.14401 0.685721
4 0.841591 0.875519 0.0966644 2.9966 0.217495 2.75715 0.462476
4 0.927264 0.917012 0.0966644 1.59496 0.0483322 2.09104 0.709456
4 0.966561 0.813034 0.0966644 1.01498 0.144997 2.19696 0.662785
4 0.936539 0.705638 0.0966644 1.59496 0.0483322 2.79492 0.451391
4 0.89895 0.927752 0.217495 0.193329 0.507488 2.21846 0.653698
4 0.927264 0.952648 0.0966644 0.193329 0.507488 1.99607 0.754084
4 0.994874 0.836222 0.0966644 1.59496 0.0483322 1.98166 0.761096
4 0.966317 0.819868 0.0966644 2.80327 0.652485 2.17577 0.67187
4 0.95216 0.705638 0.0483322 1.59496 0.942478 2.69549 0.481161
4 0.982914 0.827679 0.0483322 0.193329 0.507488 2.06597 0.720973
4 0.89895 0.961191 0.193329 2.12662 0.797481 2.12654 0.693457
4 0.903344 0.815963 0.0483322 0.241661 0.193329 2.55365 0.527064
4 0.935563 0.819136 0.0966644 1.59496 0.0483322 2.34748 0.601702
4 0.89895 0.976812 0.0483322 0.193329 0.507488 2.08586 0.711819
4 0.927264 0.827679 0.483322 2.80327 0.652485 2.36631 0.594466
4 0.966317 0.819868 0.0483322 0.241661 0.193329 2.17577 0.67187
4 0.995118 0.705638 0.0966644 3.04493 0.0483322 2.4441 0.56549
4 0.998047 0.838174 0.0966644 1.30497 0.652485 1.96081 0.771358
4 0.95216 0.705638 0.0483322 1.59496 0.966644 2.69549 0.481161
4 0.927264 0.827679 0.0966644 1.30497 0.652485 2.36631 0.594466
4 0.998291 0.911643 0.410824 0.193329 0.507488 1.76064 0.877205
4 0.966561 0.836222 0.0966644 1.59496 0.0483322 2.12223 0.695383
4 0.89895 0.963876 0.459156 1.01498 0.0483322 2.11945 0.696623
4 0.841591 0.875519 0.0966644 2.9966 0.217495 2.75715 0.462476
4 0.982914 0.914572 0.0966644 1.30497 0.652485 1.82203 0.843282
4 0.97486 0.641445 0.386658 3.09326 0.507488 2.866 0.431243
4 0.92824 0.824506 0.0966644 1.64329 0.217495 2.37149 0.592493
4 0.927264 0.915548 0.0966644 2.75494 0.193329 2.0951 0.707604
4 0.90432 0.820112 0.0483322 1.59496 0.821647 2.53233 0.534333
4 0.99878 0.914572 0.0966644 1.30497 0.652485 1.75128 0.882493
4 0.89895 0.733952 0.0966644 2.80327 0.652485 2.91912 0.416776
4 0.930193 0.963876 0.459156 1.01498 0.0483322 1.95272 0.77538
5 0.997559 0.937027 0.0966644 2.75494 0.193329 1.70279 0.910419
5 0.943373 0.990237 0.0966644 2.7066 0.193329 1.82497 0.841692
5 0.89895 0.735416 0.0966644 0.386658 0.193329 2.91243 0.41857
5 0.966317 0.819868 0.0966644 0.193329 0.193329 2.17577 0.67187
5 0.425921 0.854528 0.459156 1.01498 0.193329 10.8394 0.00257184
5 0.982914 0.914572 0.0966644 1.30497 0.579986 1.82203 0.843283
5 0.90432 0.874542 0.0966644 0.628319 0.193329 2.34728 0.601777
5 0.966317 0.817916 0.386658 0.628319 0.0483322 2.18216 0.66912
5 0.89895 0.945082 0.0483322 1.59496 0.942478 2.16998 0.674376
5 0.927996 0.815963 0.0483322 0.193329 0.193329 2.40263 0.580759
5 0.966317 0.819868 0.0966644 2.80327 0.193329 2.17577 0.67187
5 0.95216 0.827679 0.0483322 1.59496 0.942478 2.22594 0.650563
5 0.966073 0.874542 0.0966644 2.7066 0.0241661 2.01001 0.74736
5 0.943373 0.990237 0.0966644 2.7066 0.193329 1.82497 0.841692
5 0.927264 0.898706 0.193329 1.59496 0.797481 2.14288 0.686216
5 0.857945 0.963876 0.459156 0.918312 0.193329 2.36394 0.595374
5 0.89895 0.733952 0.0966644 2.60994 0.0966644 2.91912 0.416776
5 0.89895 0.927752 0.0966644 2.9966 0.193329 2.21846 0.653698
5 0.927264 0.979497 0.459156 0.0483322 0.0966644 1.92937 0.787099
5 0.931901 0.987796 0.459156 1.30497 0.652485 1.88641 0.809121
5 0.994874 0.838907 0.459156 1.01498 0.0483322 1.97366 0.765017
5 0.930193 0.960459 0.0966644 2.75494 0.652485 1.96123 0.77115
5 0.975348 0.836222 0.0966644 1.59496 0.0483322 2.07737 0.71571
5 0.994874 0.836466 0.0966644 1.59496 0.797481 1.98093 0.761453
5 0.97486 0.927752 0.0966644 2.94826 0.0483322 1.82597 0.841155
5 0.925799 0.854528 0.459156 0.193329 0.241661 2.28577 0.626034
5 0.998291 0.911643 0.0966644 1.59496 0.0483322 1.76064 0.877205
5 0.966317 0.817916 0.0724983 2.75494 0.652485 2.18216 0.66912
5 0.95216 0.827679 0.0966644 1.59496 0.0483322 2.22594 0.650564
5 0.994874 0.836222 0.0966644 1.78829 0.0483322 1.98166 0.761096
5 0.927264 0.915548 0.0966644 2.7066 0.193329 2.0951 0.707604
5 0.997803 0.815963 0.0483322 0.193329 0.531654 2.02957 0.738031
5 0.97486 0.927752 0.0966644 2.9966 0.193329 1.82597 0.841155
5 0.936539 0.705638 0.0966644 2.07828 0.652485 2.79492 0.451391
5 0.90432 0.987796 0.459156 0.0483322 0.0966644 2.02891 0.738343
5 0.930193 0.963876 0.459156 1.01498 0.0241661 1.95272 0.77538
5 0.89895 0.961191 0.193329 1.59496 0.821647 2.12654 0.693457
5 0.930193 0.815963 0.0483322 0.193329 0.193329 2.3897 0.585602
5 0.966317 0.819868 0.386658 0.386658 0.193329 2.17577 0.67187
5 0.89895 0.976812 0.0483322 0.193329 0.531654 2.08586 0.711819
5 0.974371 0.815963 0.0483322 0.193329 0.144997 2.14652 0.684612
5 0.943373 0.952648 0.0483322 0.193329 0.507488 1.91449 0.794658
5 0.936051 0.914572 0.0966644 1.59496 0.193329 2.05122 0.727837
5 0.950207 0.963876 0.459156 1.01498 0.193329 1.85385 0.826223
5 0.89895 0.999512 0.0966644 2.75494 0.652485 2.02915 0.738228
5 0.994874 0.836466 0.0966644 2.9966 0.652485 1.98093 0.761453
5 0.966317 0.819868 0.0483322 0.193329 0.193329 2.17577 0.67187
5 0.998291 0.911643 0.459156 2.9966 0.193329 1.76064 0.877205
5 0.927264 0.936539 0.0966644 1.59496 0.0483322 2.03806 0.734016
5 0.966805 0.820112 0.0483322 1.59496 0.797481 2.17241 0.673322
5 0.782524 0.921406 0.0483322 1.15997 0.193329 3.05371 0.382254
5 0.900415 0.838174 0.0966644 2.7066 0.193329 2.49257 0.548155
5 0.967781 0.705638 0.0966644 1.59496 0.0483322 2.60048 0.511445
5 0.97486 0.911643 0.386658 2.9966 0.193329 1.86675 0.819402
5 0.89895 0.735416 0.0483322 2.07828 0.193329 2.91243 0.41857
5 0.903344 0.815963 0.459156 1.01498 0.0483322 2.55365 0.527064
5 0.930193 0.963876 0.0966644 1.01498 0.0966644 1.95272 0.77538
5 0.982914 0.838174 0.0966644 1.30497 0.652485 2.03371 0.736068
5 0.999024 0.705638 0.193329 1.59496 0.797481 2.42274 0.573304
5 0.844276 0.999512 0.0966644 2.75494 0.652485 2.35214 0.599902
5 0.935563 0.819136 0.0966644 3.04493 0.0483322 2.34748 0.601702
5 0.903832 0.977056 0.459156 1.30497 0.652485 2.05845 0.724464
5 0.966561 0.815963 0.0483322 0.193329 0.531654 2.18729 0.666919
5 0.966073 0.874542 0.0966644 2.7066 0.0241661 2.01001 0.74736
5 0.930193 0.963876 0.483322 1.59496 0.193329 1.95272 0.77538
5 0.89895 0.979497 0.459156 0.0483322 0.0483322 2.07901 0.71496
5 0.935074 0.976812 0.0966644 1.59496 0.0483322 1.89669 0.803795
5 0.927264 0.936539 0.0966644 1.59496 0.0483322 2.03806 0.734016
5 0.999024 0.979497 0.459156 0.0483322 0.0966644 1.6026 0.970942
5 0.97486 0.641201 0.0966644 2.9966 0.99081 2.86728 0.430888
5 0.943373 0.979497 0.0966644 1.73996 0.507488 1.84978 0.828388
5 0.966317 0.817916 0.0966644 2.7066 0.0483322 2.18216 0.66912
5 0.982914 0.8433 0.0966644 2.75494 0.652485 2.01826 0.743412
5 0.997803 0.815963 0.0483322 1.30497 0.652485 2.02957 0.738031
5 0.99878 0.914572 0.459156 2.9966 0.193329 1.75128 0.882493
5 0.998291 0.911643 0.459156 2.9966 0.0483322 1.76064 0.877205
5 0.896021 0.937271 0.0966644 1.59496 0.0483322 2.20845 0.657912
5 0.998536 0.937027 0.0966644 2.7066 0.193329 1.69862 0.912861
5 0.845497 0.905785 0.0966644 2.94826 0.942478 2.62527 0.503365
5 0.998047 0.999512 0.0966644 2.75494 0.652485 1.56548 0.994371
5 0.95216 0.705638 0.0483322 1.59496 0.942478 2.69549 0.481161
5 0.89895 0.733952 0.0966644 0.193329 0.531654 2.91912 0.416776
5 0.982914 0.815963 0.0483322 0.193329 0.193329 2.10298 0.704035
5 0.966561 0.815963 0.0483322 0.193329 0.193329 2.18729 0.666919
5 0.930193 0.953869 0.386658 3.09326 0.507488 1.97784 0.762967
5 0.925799 0.987796 0.459156 1.30497 0.652485 1.91692 0.793419
5 0.998291 0.911643 0.459156 2.9966 0.193329 1.76064 0.877205
5 0.966561 0.836466 0.0966644 2.9966 0.193329 2.12146 0.695725
5 0.932145 0.987796 0.459156 1.30497 0.652485 1.8852 0.80975
5 0.912375 0.927752 0.0966644 2.75494 0.0483322 2.14242 0.686419
5 0.927264 0.91506 0.459156 2.9966 0.193329 2.09646 0.706987
5 0.89895 0.927752 0.193329 2.9966 0.193329 2.21846 0.653698
5 0.966561 0.815963 0.0966644 1.30497 0.579986 2.18729 0.666919
5 0.982914 0.737857 0.459156 1.30497 0.652485 2.38012 0.589217
5 0.936539 0.718331 0.0483322 0.193329 0.507488 2.73713 0.468462
5 0.930193 0.963876 0.0966644 1.01498 0.652485 1.95272 0.77538
5 0.841591 0.815963 0.0966644 2.7066 0.193329 2.98559 0.399354
5 0.841591 0.875519 0.0241661 2.56161 0.0241661 2.75715 0.462475
5 0.982914 0.914572 0.0966644 1.2083 0.0966644 1.82203 0.843282
