genom dna lenght=12
mutation probability per bit=0.01
bias fitness=1e-19
number of Individuals per Generation=20
number of Generations=100
Search space [a,b]=[1.5,-1.5]
Generation x y f(x,y) fitness
0 -0.994021 -1.18947 478.146 1e-19
0 -0.310167 0.616663 28.8043 3.09336e-13
0 -0.121011 0.836411 68.7868 1.33743e-30
0 0.0379828 -0.822547 68.8214 1.2919e-30
0 -0.637894 -1.4522 348.31 1e-19
0 0.851362 1.27426 30.2107 7.58012e-14
0 -1.06664 -1.00701 464.26 1e-19
0 0.606436 -1.47309 339.029 1e-19
0 -0.585852 0.996464 45.1875 2.37322e-20
0 -1.25829 0.389727 147.559 1e-19
0 0.52945 1.46727 141.108 1e-19
0 -0.357308 -0.456259 35.9395 2.46418e-16
0 -0.497835 -0.809164 113.969 1e-19
0 -0.435311 -1.27342 216.073 1e-19
0 1.18403 -0.838264 501.878 1e-19
0 -0.45148 -1.49291 290.002 1e-19
0 -0.817749 -1.05469 300.317 1e-19
0 0.838538 -0.16916 76.1179 8.75845e-34
0 -1.0009 -1.02222 413.671 1e-19
0 0.867095 -0.436713 141.287 1e-19
1 -0.310167 0.616663 28.8043 3.09336e-13
1 -0.649451 1.27363 75.2839 2.01664e-33
1 -0.274359 1.27363 145.229 1e-19
1 0.850916 0.616483 1.17944 0.30745
1 -0.310256 0.523443 19.9654 2.1337e-09
1 -0.309524 1.27363 140.441 1e-19
1 0.850916 1.27436 30.3054 6.89497e-14
1 0.850916 0.616483 1.17944 0.30745
1 -0.310256 0.615751 28.704 3.41999e-13
1 0.850916 1.27289 30.1443 8.09989e-14
1 0.861905 0.616483 1.61668 0.198557
1 0.850916 1.17912 20.7305 9.92806e-10
1 0.850183 0.616483 1.15301 0.315684
1 -0.310256 0.617216 28.8564 2.93645e-13
1 0.861905 0.616483 1.61668 0.198557
1 0.850916 1.36667 41.3169 1.13845e-18
1 -0.310256 0.710989 39.5061 6.962e-18
1 -0.310256 1.27363 140.336 1e-19
1 0.850916 1.27289 30.1443 8.09989e-14
2 0.850183 0.616483 1.15301 0.315684
2 0.850183 0.615751 1.16864 0.310789
2 0.850183 0.615751 1.16864 0.310789
2 0.861905 0.615751 1.63525 0.194904
2 0.861905 0.615751 1.63525 0.194904
2 0.850183 0.615751 1.16864 0.310789
2 0.861905 0.615751 1.63525 0.194904
2 0.850183 0.615751 1.16864 0.310789
2 0.850183 0.615751 1.16864 0.310789
2 0.850183 0.615751 1.16864 0.310789
2 0.861905 0.615751 1.63525 0.194904
2 0.861905 0.615751 1.63525 0.194904
2 0.850183 0.615751 1.16864 0.310789
2 0.861905 0.615751 1.63525 0.194904
2 0.861905 0.615751 1.63525 0.194904
2 0.850183 0.615751 1.16864 0.310789
2 0.850183 0.615751 1.16864 0.310789
2 0.850183 0.615751 1.16864 0.310789
2 0.850183 0.615751 1.16864 0.310789
3 0.850183 0.616483 1.15301 0.315684
3 0.850183 0.615751 1.16864 0.310789
3 0.850183 0.615751 1.16864 0.310789
3 0.850183 0.615751 1.16864 0.310789
3 0.861905 0.615751 1.63525 0.194904
3 0.850183 0.615751 1.16864 0.310789
3 0.850183 0.615751 1.16864 0.310789
3 0.850183 0.615751 1.16864 0.310789
3 0.850183 0.615751 1.16864 0.310789
3 0.850183 0.615751 1.16864 0.310789
3 0.850183 0.615751 1.16864 0.310789
3 0.850183 0.615751 1.16864 0.310789
3 0.850183 0.615751 1.16864 0.310789
3 0.861905 0.615751 1.63525 0.194904
3 0.850183 0.615751 1.16864 0.310789
3 0.850183 0.615751 1.16864 0.310789
3 0.850183 0.615751 1.16864 0.310789
3 0.850183 0.615751 1.16864 0.310789
3 0.850183 0.615751 1.16864 0.310789
4 0.850183 0.616483 1.15301 0.315684
4 0.850183 0.615751 1.16864 0.310789
4 0.850183 0.615751 1.16864 0.310789
4 0.850183 0.615751 1.16864 0.310789
4 0.850183 0.615751 1.16864 0.310789
4 0.850183 0.615751 1.16864 0.310789
4 0.850183 0.615751 1.16864 0.310789
4 0.850183 0.615751 1.16864 0.310789
4 0.850183 0.615751 1.16864 0.310789
4 0.850183 0.615751 1.16864 0.310789
4 0.850183 0.615751 1.16864 0.310789
4 0.850183 0.615751 1.16864 0.310789
4 0.850183 0.615751 1.16864 0.310789
4 0.850183 0.615751 1.16864 0.310789
4 0.850183 0.615751 1.16864 0.310789
4 0.850183 0.615751 1.16864 0.310789
4 0.850183 0.615751 1.16864 0.310789
4 0.850183 0.615751 1.16864 0.310789
4 0.850183 0.615751 1.16864 0.310789
5 0.850183 0.616483 1.15301 0.315684
5 0.850183 0.615751 1.16864 0.310789
5 0.850183 0.615751 1.16864 0.310789
5 0.850183 0.615751 1.16864 0.310789
5 0.850183 0.615751 1.16864 0.310789
5 0.850183 0.615751 1.16864 0.310789
5 0.850183 0.615751 1.16864 0.310789
5 0.850183 0.615751 1.16864 0.310789
5 0.850183 0.615751 1.16864 0.310789
5 0.850183 0.615751 1.16864 0.310789
5 0.850183 0.615751 1.16864 0.310789
5 0.850183 0.615751 1.16864 0.310789
5 0.850183 0.615751 1.16864 0.310789
5 0.850183 0.615751 1.16864 0.310789
5 0.850183 0.615751 1.16864 0.310789
5 0.850183 0.615751 1.16864 0.310789
5 0.850183 0.615751 1.16864 0.310789
5 0.850183 0.615751 1.16864 0.310789
5 0.850183 0.615751 1.16864 0.310789
6 0.850183 0.616483 1.15301 0.315684
6 0.850183 0.615751 1.16864 0.310789
6 0.850183 0.615751 1.16864 0.310789
6 0.850183 0.615751 1.16864 0.310789
6 0.850183 0.615751 1.16864 0.310789
6 0.850183 0.615751 1.16864 0.310789
6 0.850183 0.615751 1.16864 0.310789
6 0.850183 0.615751 1.16864 0.310789
6 0.850183 0.615751 1.16864 0.310789
6 0.850183 0.615751 1.16864 0.310789
6 0.850183 0.615751 1.16864 0.310789
6 0.850183 0.615751 1.16864 0.310789
6 0.850183 0.615751 1.16864 0.310789
6 0.850183 0.615751 1.16864 0.310789
6 0.850183 0.615751 1.16864 0.310789
6 0.850183 0.615751 1.16864 0.310789
6 0.850183 0.615751 1.16864 0.310789
6 0.850183 0.615751 1.16864 0.310789
6 0.850183 0.615751 1.16864 0.310789
7 0.850183 0.616483 1.15301 0.315684
7 0.850183 0.615751 1.16864 0.310789
7 0.850183 0.615751 1.16864 0.310789
7 0.850183 0.615751 1.16864 0.310789
7 0.850183 0.615751 1.16864 0.310789
7 0.850183 0.615751 1.16864 0.310789
7 0.850183 0.615751 1.16864 0.310789
7 0.850183 0.615751 1.16864 0.310789
7 0.850183 0.615751 1.16864 0.310789
7 0.850183 0.615751 1.16864 0.310789
7 0.850183 0.615751 1.16864 0.310789
7 0.850183 0.615751 1.16864 0.310789
7 0.850183 0.615751 1.16864 0.310789
7 0.850183 0.615751 1.16864 0.310789
7 0.850183 0.615751 1.16864 0.310789
7 0.850183 0.615751 1.16864 0.310789
7 0.850183 0.615751 1.16864 0.310789
7 0.850183 0.615751 1.16864 0.310789
7 0.850183 0.615751 1.16864 0.310789
8 0.850183 0.616483 1.15301 0.315684
8 0.850183 0.615751 1.16864 0.310789
8 0.850183 0.615751 1.16864 0.310789
8 0.850183 0.615751 1.16864 0.310789
8 0.850183 0.615751 1.16864 0.310789
8 0.850183 0.615751 1.16864 0.310789
8 0.850183 0.615751 1.16864 0.310789
8 0.850183 0.615751 1.16864 0.310789
8 0.850183 0.615751 1.16864 0.310789
8 0.850183 0.615751 1.16864 0.310789
8 0.850183 0.615751 1.16864 0.310789
8 0.850183 0.615751 1.16864 0.310789
8 0.850183 0.615751 1.16864 0.310789
8 0.850183 0.615751 1.16864 0.310789
8 0.850183 0.615751 1.16864 0.310789
8 0.850183 0.615751 1.16864 0.310789
8 0.850183 0.615751 1.16864 0.310789
8 0.850183 0.615751 1.16864 0.310789
8 0.850183 0.615751 1.16864 0.310789
9 0.850183 0.616483 1.15301 0.315684
9 0.850183 0.615751 1.16864 0.310789
9 0.850183 0.615751 1.16864 0.310789
9 0.850183 0.615751 1.16864 0.310789
9 0.850183 0.615751 1.16864 0.310789
9 0.850183 0.615751 1.16864 0.310789
9 0.850183 0.615751 1.16864 0.310789
9 0.850183 0.615751 1.16864 0.310789
9 0.850183 0.615751 1.16864 0.310789
9 0.850183 0.615751 1.16864 0.310789
9 0.850183 0.615751 1.16864 0.310789
9 0.850183 0.615751 1.16864 0.310789
9 0.850183 0.615751 1.16864 0.310789
9 0.850183 0.615751 1.16864 0.310789
9 0.850183 0.615751 1.16864 0.310789
9 0.850183 0.615751 1.16864 0.310789
9 0.850183 0.615751 1.16864 0.310789
9 0.850183 0.615751 1.16864 0.310789
9 0.850183 0.615751 1.16864 0.310789
10 0.850183 0.616483 1.15301 0.315684
10 0.850183 0.615751 1.16864 0.310789
10 0.850183 0.615751 1.16864 0.310789
10 0.850183 0.615751 1.16864 0.310789
10 0.850183 0.615751 1.16864 0.310789
10 0.850183 0.615751 1.16864 0.310789
10 0.850183 0.615751 1.16864 0.310789
10 0.850183 0.615751 1.16864 0.310789
10 0.850183 0.615751 1.16864 0.310789
10 0.850183 0.615751 1.16864 0.310789
10 0.850183 0.615751 1.16864 0.310789
10 0.850183 0.615751 1.16864 0.310789
10 0.850183 0.615751 1.16864 0.310789
10 0.850183 0.615751 1.16864 0.310789
10 0.850183 0.615751 1.16864 0.310789
10 0.853114 0.615751 1.27714 0.278834
10 0.850183 0.615751 1.16864 0.310789
10 0.850183 0.615751 1.16864 0.310789
10 0.850183 0.615751 1.16864 0.310789
11 0.850183 0.616483 1.15301 0.315684
11 0.850183 0.615751 1.16864 0.310789
11 0.850183 0.615751 1.16864 0.310789
11 0.850183 0.615751 1.16864 0.310789
11 0.850183 0.615751 1.16864 0.310789
11 0.850183 0.615751 1.16864 0.310789
11 0.850183 0.615751 1.16864 0.310789
11 0.850183 0.615751 1.16864 0.310789
11 0.853114 0.615751 1.27714 0.278834
11 0.850183 0.615751 1.16864 0.310789
11 0.850183 0.615751 1.16864 0.310789
11 0.850183 0.615751 1.16864 0.310789
11 0.850183 0.615751 1.16864 0.310789
11 0.850183 0.615751 1.16864 0.310789
11 0.850183 0.615751 1.16864 0.310789
11 0.850183 0.615751 1.16864 0.310789
11 0.850183 0.615751 1.16864 0.310789
11 0.850183 0.615751 1.16864 0.310789
11 0.850183 0.615751 1.16864 0.310789
12 0.850183 0.616483 1.15301 0.315684
12 0.850183 0.615751 1.16864 0.310789
12 0.850183 0.615751 1.16864 0.310789
12 0.850183 0.615751 1.16864 0.310789
12 0.850183 0.615751 1.16864 0.310789
12 0.850183 0.615751 1.16864 0.310789
12 0.850183 0.615751 1.16864 0.310789
12 0.850183 0.615751 1.16864 0.310789
12 0.850183 0.615751 1.16864 0.310789
12 0.850183 0.615751 1.16864 0.310789
12 0.850183 0.615751 1.16864 0.310789
12 0.850183 0.615751 1.16864 0.310789
12 0.850183 0.615751 1.16864 0.310789
12 0.850183 0.615751 1.16864 0.310789
12 0.850183 0.615751 1.16864 0.310789
12 0.853114 0.615751 1.27714 0.278834
12 0.850183 0.615751 1.16864 0.310789
12 0.850183 0.615751 1.16864 0.310789
12 0.850183 0.615751 1.16864 0.310789
13 0.850183 0.616483 1.15301 0.315684
13 0.850183 0.615751 1.16864 0.310789
13 0.850183 0.615751 1.16864 0.310789
13 0.850183 0.615751 1.16864 0.310789
13 0.850183 0.615751 1.16864 0.310789
13 0.850183 0.615751 1.16864 0.310789
13 0.850183 0.615751 1.16864 0.310789
13 0.850183 0.615751 1.16864 0.310789
13 0.850183 0.615751 1.16864 0.310789
13 0.850183 0.615751 1.16864 0.310789
13 0.850183 0.615751 1.16864 0.310789
13 0.850183 0.615751 1.16864 0.310789
13 0.850183 0.615751 1.16864 0.310789
13 0.850183 0.615751 1.16864 0.310789
13 0.850183 0.615751 1.16864 0.310789
13 0.850183 0.615751 1.16864 0.310789
13 0.850183 0.615751 1.16864 0.310789
13 0.850183 0.615751 1.16864 0.310789
13 0.850183 0.615751 1.16864 0.310789
14 0.850183 0.616483 1.15301 0.315684
14 0.850183 0.615751 1.16864 0.310789
14 0.850183 0.615751 1.16864 0.310789
14 0.850183 0.615751 1.16864 0.310789
14 0.850183 0.615751 1.16864 0.310789
14 0.850183 0.615751 1.16864 0.310789
14 0.850183 0.615751 1.16864 0.310789
14 0.850183 0.615751 1.16864 0.310789
14 0.850183 0.615751 1.16864 0.310789
14 0.850183 0.615751 1.16864 0.310789
14 0.850183 0.615751 1.16864 0.310789
14 0.850183 0.615751 1.16864 0.310789
14 0.850183 0.615751 1.16864 0.310789
14 0.850183 0.615751 1.16864 0.310789
14 0.850183 0.615751 1.16864 0.310789
14 0.850183 0.615751 1.16864 0.310789
14 0.850183 0.615751 1.16864 0.310789
14 0.850183 0.615751 1.16864 0.310789
14 0.850183 0.615751 1.16864 0.310789
15 0.850183 0.616483 1.15301 0.315684
15 0.850183 0.615751 1.16864 0.310789
15 0.850183 0.615751 1.16864 0.310789
15 0.850183 0.615751 1.16864 0.310789
15 0.850183 0.615751 1.16864 0.310789
15 0.850183 0.615751 1.16864 0.310789
15 0.850183 0.615751 1.16864 0.310789
15 0.850183 0.615751 1.16864 0.310789
15 0.850183 0.615751 1.16864 0.310789
15 0.850183 0.615751 1.16864 0.310789
15 0.850183 0.615751 1.16864 0.310789
15 0.850183 0.615751 1.16864 0.310789
15 0.850183 0.615751 1.16864 0.310789
15 0.850183 0.615751 1.16864 0.310789
15 0.850183 0.615751 1.16864 0.310789
15 0.850183 0.615751 1.16864 0.310789
15 0.850183 0.615751 1.16864 0.310789
15 0.850183 0.615751 1.16864 0.310789
15 0.850183 0.615751 1.16864 0.310789
16 0.850183 0.616483 1.15301 0.315684
16 0.850183 0.615751 1.16864 0.310789
16 0.850183 0.615751 1.16864 0.310789
16 0.850183 0.615751 1.16864 0.310789
16 0.850183 0.615751 1.16864 0.310789
16 0.850183 0.615751 1.16864 0.310789
16 0.850183 0.615751 1.16864 0.310789
16 0.850183 0.615751 1.16864 0.310789
16 0.850183 0.615751 1.16864 0.310789
16 0.850183 0.615751 1.16864 0.310789
16 0.850183 0.615751 1.16864 0.310789
16 0.850183 0.615751 1.16864 0.310789
16 0.850183 0.615751 1.16864 0.310789
16 0.850183 0.615751 1.16864 0.310789
16 0.850183 0.615751 1.16864 0.310789
16 0.850183 0.615751 1.16864 0.310789
16 0.850183 0.615751 1.16864 0.310789
16 0.850183 0.615751 1.16864 0.310789
16 0.850183 0.615751 1.16864 0.310789
17 0.850183 0.616483 1.15301 0.315684
17 0.850183 0.615751 1.16864 0.310789
17 0.850183 0.615751 1.16864 0.310789
17 0.850183 0.615751 1.16864 0.310789
17 0.850183 0.615751 1.16864 0.310789
17 0.850183 0.615751 1.16864 0.310789
17 0.850183 0.615751 1.16864 0.310789
17 0.850183 0.615751 1.16864 0.310789
17 0.850183 0.615751 1.16864 0.310789
17 0.850183 0.615751 1.16864 0.310789
17 0.850183 0.615751 1.16864 0.310789
17 0.850183 0.615751 1.16864 0.310789
17 0.850183 0.615751 1.16864 0.310789
17 0.850183 0.615751 1.16864 0.310789
17 0.850183 0.615751 1.16864 0.310789
17 0.850183 0.615751 1.16864 0.310789
17 0.850183 0.615751 1.16864 0.310789
17 0.850183 0.615751 1.16864 0.310789
17 0.850183 0.615751 1.16864 0.310789
18 0.850183 0.616483 1.15301 0.315684
18 0.850183 0.615751 1.16864 0.310789
18 0.850183 0.615751 1.16864 0.310789
18 0.850183 0.615751 1.16864 0.310789
18 0.850183 0.615751 1.16864 0.310789
18 0.850183 0.615751 1.16864 0.310789
18 0.850183 0.615751 1.16864 0.310789
18 0.850183 0.615751 1.16864 0.310789
18 0.850183 0.615751 1.16864 0.310789
18 0.850183 0.615751 1.16864 0.310789
18 0.850183 0.615751 1.16864 0.310789
18 0.850183 0.615751 1.16864 0.310789
18 0.850183 0.615751 1.16864 0.310789
18 0.850183 0.615751 1.16864 0.310789
18 0.850183 0.615751 1.16864 0.310789
18 0.850183 0.615751 1.16864 0.310789
18 0.850183 0.615751 1.16864 0.310789
18 0.850183 0.615751 1.16864 0.310789
18 0.850183 0.615751 1.16864 0.310789
19 0.850183 0.616483 1.15301 0.315684
19 0.850183 0.615751 1.16864 0.310789
19 0.850183 0.615751 1.16864 0.310789
19 0.850183 0.615751 1.16864 0.310789
19 0.850183 0.615751 1.16864 0.310789
19 0.850183 0.615751 1.16864 0.310789
19 0.850183 0.615751 1.16864 0.310789
19 0.850183 0.615751 1.16864 0.310789
19 0.850183 0.615751 1.16864 0.310789
19 0.850183 0.615751 1.16864 0.310789
19 0.850183 0.615751 1.16864 0.310789
19 0.850183 0.615751 1.16864 0.310789
19 0.850183 0.615751 1.16864 0.310789
19 0.850183 0.615751 1.16864 0.310789
19 0.850183 0.615751 1.16864 0.310789
19 0.850183 0.615751 1.16864 0.310789
19 0.850183 0.615751 1.16864 0.310789
19 0.850183 0.615751 1.16864 0.310789
19 0.850183 0.615751 1.16864 0.310789
20 0.850183 0.616483 1.15301 0.315684
20 0.850183 0.615751 1.16864 0.310789
20 0.850183 0.615751 1.16864 0.310789
20 0.850183 0.615751 1.16864 0.310789
20 0.850183 0.615751 1.16864 0.310789
20 0.850183 0.615751 1.16864 0.310789
20 0.850183 0.615751 1.16864 0.310789
20 0.850183 0.615751 1.16864 0.310789
20 0.850183 0.615751 1.16864 0.310789
20 0.850183 0.615751 1.16864 0.310789
20 0.850183 0.615751 1.16864 0.310789
20 0.850183 0.615751 1.16864 0.310789
20 0.850183 0.615751 1.16864 0.310789
20 0.850183 0.615751 1.16864 0.310789
20 0.850183 0.615751 1.16864 0.310789
20 0.850183 0.615751 1.16864 0.310789
20 0.850183 0.615751 1.16864 0.310789
20 0.850183 0.615751 1.16864 0.310789
20 0.850183 0.615751 1.16864 0.310789
21 0.850183 0.616483 1.15301 0.315684
21 0.850183 0.615751 1.16864 0.310789
21 0.850183 0.615751 1.16864 0.310789
21 0.850183 0.615751 1.16864 0.310789
21 0.850183 0.615751 1.16864 0.310789
21 0.850183 0.615751 1.16864 0.310789
21 0.850183 0.615751 1.16864 0.310789
21 0.850183 0.615751 1.16864 0.310789
21 0.850183 0.615751 1.16864 0.310789
21 0.850183 0.615751 1.16864 0.310789
21 0.850183 0.615751 1.16864 0.310789
21 0.850183 0.615751 1.16864 0.310789
21 0.850183 0.615751 1.16864 0.310789
21 0.850183 0.615751 1.16864 0.310789
21 0.850183 0.615751 1.16864 0.310789
21 0.850183 0.615751 1.16864 0.310789
21 0.850183 0.615751 1.16864 0.310789
21 0.850183 0.615751 1.16864 0.310789
21 0.850183 0.615751 1.16864 0.310789
22 0.850183 0.616483 1.15301 0.315684
22 0.850183 0.615751 1.16864 0.310789
22 0.850183 0.615751 1.16864 0.310789
22 0.850183 0.615751 1.16864 0.310789
22 0.850183 0.615751 1.16864 0.310789
22 0.850183 0.615751 1.16864 0.310789
22 0.850183 0.615751 1.16864 0.310789
22 0.850183 0.615751 1.16864 0.310789
22 0.850183 0.615751 1.16864 0.310789
22 0.850183 0.615751 1.16864 0.310789
22 0.850183 0.615751 1.16864 0.310789
22 0.850183 0.615751 1.16864 0.310789
22 0.850183 0.615751 1.16864 0.310789
22 0.850183 0.615751 1.16864 0.310789
22 0.850183 0.615751 1.16864 0.310789
22 0.850183 0.615751 1.16864 0.310789
22 0.850183 0.615751 1.16864 0.310789
22 0.850183 0.615751 1.16864 0.310789
22 0.850183 0.615751 1.16864 0.310789
23 0.850183 0.616483 1.15301 0.315684
23 0.850183 0.615751 1.16864 0.310789
23 0.850183 0.615751 1.16864 0.310789
23 0.850183 0.615751 1.16864 0.310789
23 0.850183 0.615751 1.16864 0.310789
23 0.850183 0.615751 1.16864 0.310789
23 0.850183 0.615751 1.16864 0.310789
23 0.850183 0.615751 1.16864 0.310789
23 0.850183 0.615751 1.16864 0.310789
23 0.850183 0.615751 1.16864 0.310789
23 0.850183 0.615751 1.16864 0.310789
23 0.850183 0.615751 1.16864 0.310789
23 0.850183 0.615751 1.16864 0.310789
23 0.850183 0.615751 1.16864 0.310789
23 0.850183 0.615751 1.16864 0.310789
23 0.850183 0.615751 1.16864 0.310789
23 0.850183 0.615751 1.16864 0.310789
23 0.850183 0.615751 1.16864 0.310789
23 0.850183 0.615751 1.16864 0.310789
24 0.850183 0.616483 1.15301 0.315684
24 0.850183 0.615751 1.16864 0.310789
24 0.850183 0.615751 1.16864 0.310789
24 0.850183 0.615751 1.16864 0.310789
24 0.850183 0.615751 1.16864 0.310789
24 0.850183 0.615751 1.16864 0.310789
24 0.850183 0.615751 1.16864 0.310789
24 0.850183 0.615751 1.16864 0.310789
24 0.850183 0.615751 1.16864 0.310789
24 0.850183 0.615751 1.16864 0.310789
24 0.850183 0.615751 1.16864 0.310789
24 0.850183 0.615751 1.16864 0.310789
24 0.850183 0.615751 1.16864 0.310789
24 0.850183 0.615751 1.16864 0.310789
24 0.850183 0.615751 1.16864 0.310789
24 0.850183 0.615751 1.16864 0.310789
24 0.850183 0.615751 1.16864 0.310789
24 0.850183 0.615751 1.16864 0.310789
24 0.850183 0.615751 1.16864 0.310789
25 0.850183 0.616483 1.15301 0.315684
25 0.850183 0.615751 1.16864 0.310789
25 0.850183 0.615751 1.16864 0.310789
25 0.850183 0.615751 1.16864 0.310789
25 0.850183 0.615751 1.16864 0.310789
25 0.850183 0.615751 1.16864 0.310789
25 0.850183 0.615751 1.16864 0.310789
25 0.850183 0.615751 1.16864 0.310789
25 0.850183 0.615751 1.16864 0.310789
25 0.850183 0.615751 1.16864 0.310789
25 0.850183 0.615751 1.16864 0.310789
25 0.850183 0.615751 1.16864 0.310789
25 0.850183 0.615751 1.16864 0.310789
25 0.850183 0.615751 1.16864 0.310789
25 0.850183 0.615751 1.16864 0.310789
25 0.850183 0.615751 1.16864 0.310789
25 0.850183 0.615751 1.16864 0.310789
25 0.850183 0.615751 1.16864 0.310789
25 0.850183 0.615751 1.16864 0.310789
26 0.850183 0.616483 1.15301 0.315684
26 0.850183 0.615751 1.16864 0.310789
26 0.850183 0.615751 1.16864 0.310789
26 0.850183 0.615751 1.16864 0.310789
26 0.850183 0.615751 1.16864 0.310789
26 0.850183 0.615751 1.16864 0.310789
26 0.850183 0.615751 1.16864 0.310789
26 0.850183 0.615751 1.16864 0.310789
26 0.850183 0.615751 1.16864 0.310789
26 0.850183 0.615751 1.16864 0.310789
26 0.850183 0.615751 1.16864 0.310789
26 0.850183 0.615751 1.16864 0.310789
26 0.850183 0.615751 1.16864 0.310789
26 0.850183 0.615751 1.16864 0.310789
26 0.850183 0.615751 1.16864 0.310789
26 0.850183 0.615751 1.16864 0.310789
26 0.850183 0.615751 1.16864 0.310789
26 0.850183 0.615751 1.16864 0.310789
26 0.850183 0.615751 1.16864 0.310789
27 0.850183 0.616483 1.15301 0.315684
27 0.850183 0.615751 1.16864 0.310789
27 0.850183 0.615751 1.16864 0.310789
27 0.850183 0.615751 1.16864 0.310789
27 0.850183 0.615751 1.16864 0.310789
27 0.850183 0.709524 0.0401013 0.960692
27 0.850183 0.615751 1.16864 0.310789
27 0.850183 0.615751 1.16864 0.310789
27 0.850183 0.615751 1.16864 0.310789
27 0.850183 0.615751 1.16864 0.310789
27 0.850183 0.615751 1.16864 0.310789
27 0.850183 0.615751 1.16864 0.310789
27 0.850183 0.615751 1.16864 0.310789
27 0.850183 0.615751 1.16864 0.310789
27 0.850183 0.615751 1.16864 0.310789
27 0.850183 0.615751 1.16864 0.310789
27 0.850183 0.615751 1.16864 0.310789
27 0.850183 0.615751 1.16864 0.310789
27 0.850183 0.615751 1.16864 0.310789
28 0.850183 0.709524 0.0401013 0.960692
28 0.850183 0.615751 1.16864 0.310789
28 0.850183 0.615751 1.16864 0.310789
28 0.850183 0.615751 1.16864 0.310789
28 0.850183 0.709524 0.0401013 0.960692
28 0.850183 0.615751 1.16864 0.310789
28 0.850183 0.615751 1.16864 0.310789
28 0.850183 0.615751 1.16864 0.310789
28 0.850183 0.615751 1.16864 0.310789
28 0.850183 0.615751 1.16864 0.310789
28 0.850183 0.615751 1.16864 0.310789
28 0.850183 0.709524 0.0401013 0.960692
28 0.850183 0.615751 1.16864 0.310789
28 0.850183 0.615751 1.16864 0.310789
28 0.850183 0.615751 1.16864 0.310789
28 0.850183 0.615751 1.16864 0.310789
28 0.850183 0.615751 1.16864 0.310789
28 0.850183 0.615751 1.16864 0.310789
28 0.850183 0.709524 0.0401013 0.960692
29 0.850183 0.709524 0.0401013 0.960692
29 0.850183 0.615751 1.16864 0.310789
29 0.850183 0.615751 1.16864 0.310789
29 0.850183 0.709524 0.0401013 0.960692
29 0.850183 0.615751 1.16864 0.310789
29 0.850183 0.709524 0.0401013 0.960692
29 0.850183 0.615751 1.16864 0.310789
29 0.850183 0.615751 1.16864 0.310789
29 0.850183 0.709524 0.0401013 0.960692
29 0.850183 0.709524 0.0401013 0.960692
29 0.850183 0.709524 0.0401013 0.960692
29 0.850183 0.615751 1.16864 0.310789
29 0.850183 0.709524 0.0401013 0.960692
29 0.850183 0.709524 0.0401013 0.960692
29 0.850183 0.709524 0.0401013 0.960692
29 0.850183 0.615751 1.16864 0.310789
29 0.850183 0.709524 0.0401013 0.960692
29 0.850183 0.615751 1.16864 0.310789
29 0.850183 0.709524 0.0401013 0.960692
30 0.850183 0.709524 0.0401013 0.960692
30 0.850183 0.709524 0.0401013 0.960692
30 0.850183 0.709524 0.0401013 0.960692
30 0.850183 0.709524 0.0401013 0.960692
30 0.850183 0.615751 1.16864 0.310789
30 0.850183 0.709524 0.0401013 0.960692
30 0.850183 0.615751 1.16864 0.310789
30 0.850183 0.709524 0.0401013 0.960692
30 0.850183 0.615751 1.16864 0.310789
30 0.850183 0.709524 0.0401013 0.960692
30 0.850183 0.615751 1.16864 0.310789
30 0.850183 0.709524 0.0401013 0.960692
30 0.850183 0.709524 0.0401013 0.960692
30 0.850183 0.709524 0.0401013 0.960692
30 0.850183 0.615751 1.16864 0.310789
30 0.850183 0.709524 0.0401013 0.960692
30 0.850183 0.709524 0.0401013 0.960692
30 0.850183 0.709524 0.0401013 0.960692
30 0.850183 0.709524 0.0401013 0.960692
31 0.850183 0.709524 0.0401013 0.960692
31 0.850183 0.709524 0.0401013 0.960692
31 0.850183 0.709524 0.0401013 0.960692
31 0.850183 0.709524 0.0401013 0.960692
31 0.850183 0.709524 0.0401013 0.960692
31 0.850183 0.709524 0.0401013 0.960692
31 0.850183 0.709524 0.0401013 0.960692
31 0.850183 0.709524 0.0401013 0.960692
31 0.850183 0.709524 0.0401013 0.960692
31 0.850183 0.709524 0.0401013 0.960692
31 0.850183 0.709524 0.0401013 0.960692
31 0.850183 0.709524 0.0401013 0.960692
31 0.850183 0.709524 0.0401013 0.960692
31 0.850183 0.709524 0.0401013 0.960692
31 0.850183 0.709524 0.0401013 0.960692
31 0.850183 0.709524 0.0401013 0.960692
31 0.850183 0.709524 0.0401013 0.960692
31 0.850183 0.709524 0.0401013 0.960692
31 0.850183 0.709524 0.0401013 0.960692
32 0.850183 0.709524 0.0401013 0.960692
32 0.850183 0.709524 0.0401013 0.960692
32 0.850183 0.709524 0.0401013 0.960692
32 0.850183 0.709524 0.0401013 0.960692
32 0.850183 0.709524 0.0401013 0.960692
32 0.850183 0.709524 0.0401013 0.960692
32 0.850183 0.709524 0.0401013 0.960692
32 0.850183 0.709524 0.0401013 0.960692
32 0.850183 0.709524 0.0401013 0.960692
32 0.850183 0.709524 0.0401013 0.960692
32 0.850183 0.709524 0.0401013 0.960692
32 0.850183 0.709524 0.0401013 0.960692
32 0.850183 0.709524 0.0401013 0.960692
32 0.850183 0.709524 0.0401013 0.960692
32 0.850183 0.709524 0.0401013 0.960692
32 0.850183 0.709524 0.0401013 0.960692
32 0.850183 0.709524 0.0401013 0.960692
32 0.850183 0.709524 0.0401013 0.960692
32 0.850183 0.709524 0.0401013 0.960692
33 0.850183 0.709524 0.0401013 0.960692
33 0.850183 0.709524 0.0401013 0.960692
33 0.850183 0.709524 0.0401013 0.960692
33 0.850183 0.709524 0.0401013 0.960692
33 0.850183 0.709524 0.0401013 0.960692
33 0.850183 0.709524 0.0401013 0.960692
33 0.850183 0.709524 0.0401013 0.960692
33 0.850183 0.709524 0.0401013 0.960692
33 0.850183 0.709524 0.0401013 0.960692
33 0.850183 0.709524 0.0401013 0.960692
33 0.850183 0.709524 0.0401013 0.960692
33 0.850183 0.709524 0.0401013 0.960692
33 0.850183 0.709524 0.0401013 0.960692
33 0.850183 0.709524 0.0401013 0.960692
33 0.850183 0.709524 0.0401013 0.960692
33 0.850183 0.709524 0.0401013 0.960692
33 0.850183 0.709524 0.0401013 0.960692
33 0.850183 0.709524 0.0401013 0.960692
33 0.850183 0.709524 0.0401013 0.960692
34 0.850183 0.709524 0.0401013 0.960692
34 0.850183 0.709524 0.0401013 0.960692
34 0.850183 0.709524 0.0401013 0.960692
34 0.850183 0.709524 0.0401013 0.960692
34 0.850183 0.709524 0.0401013 0.960692
34 0.850183 0.709524 0.0401013 0.960692
34 0.850183 0.709524 0.0401013 0.960692
34 0.850183 0.709524 0.0401013 0.960692
34 0.850183 0.709524 0.0401013 0.960692
34 0.850183 0.709524 0.0401013 0.960692
34 0.850183 0.709524 0.0401013 0.960692
34 0.850183 0.709524 0.0401013 0.960692
34 0.850183 0.709524 0.0401013 0.960692
34 0.850183 0.709524 0.0401013 0.960692
34 0.850183 0.709524 0.0401013 0.960692
34 0.850183 0.709524 0.0401013 0.960692
34 0.850183 0.709524 0.0401013 0.960692
34 0.850183 0.709524 0.0401013 0.960692
34 0.850183 0.709524 0.0401013 0.960692
35 0.850183 0.709524 0.0401013 0.960692
35 0.850183 0.709524 0.0401013 0.960692
35 0.850183 0.709524 0.0401013 0.960692
35 0.850183 0.709524 0.0401013 0.960692
35 0.850183 0.709524 0.0401013 0.960692
35 0.850183 0.709524 0.0401013 0.960692
35 0.850183 0.709524 0.0401013 0.960692
35 0.850183 0.709524 0.0401013 0.960692
35 0.850183 0.709524 0.0401013 0.960692
35 0.850183 0.709524 0.0401013 0.960692
35 0.850183 0.709524 0.0401013 0.960692
35 0.850183 0.709524 0.0401013 0.960692
35 0.850183 0.709524 0.0401013 0.960692
35 0.850183 0.709524 0.0401013 0.960692
35 0.850183 0.709524 0.0401013 0.960692
35 0.850183 0.709524 0.0401013 0.960692
35 0.850183 0.709524 0.0401013 0.960692
35 0.850183 0.709524 0.0401013 0.960692
35 0.850183 0.709524 0.0401013 0.960692
36 0.850183 0.709524 0.0401013 0.960692
36 0.850183 0.709524 0.0401013 0.960692
36 0.850183 0.709524 0.0401013 0.960692
36 0.850183 0.709524 0.0401013 0.960692
36 0.850183 0.709524 0.0401013 0.960692
36 0.850183 0.709524 0.0401013 0.960692
36 0.850183 0.709524 0.0401013 0.960692
36 0.850183 0.709524 0.0401013 0.960692
36 0.850183 0.709524 0.0401013 0.960692
36 0.850183 0.709524 0.0401013 0.960692
36 0.850183 0.709524 0.0401013 0.960692
36 0.850183 0.709524 0.0401013 0.960692
36 0.850183 0.709524 0.0401013 0.960692
36 0.850183 0.709524 0.0401013 0.960692
36 0.850183 0.709524 0.0401013 0.960692
36 0.850183 0.709524 0.0401013 0.960692
36 0.850183 0.709524 0.0401013 0.960692
36 0.850183 0.709524 0.0401013 0.960692
36 0.850183 0.709524 0.0401013 0.960692
37 0.850183 0.709524 0.0401013 0.960692
37 0.850183 0.709524 0.0401013 0.960692
37 0.850183 0.709524 0.0401013 0.960692
37 0.850183 0.709524 0.0401013 0.960692
37 0.850183 0.709524 0.0401013 0.960692
37 0.850183 0.709524 0.0401013 0.960692
37 0.850183 0.709524 0.0401013 0.960692
37 0.850183 0.709524 0.0401013 0.960692
37 0.850183 0.709524 0.0401013 0.960692
37 0.850183 0.709524 0.0401013 0.960692
37 0.850183 0.709524 0.0401013 0.960692
37 0.850183 0.709524 0.0401013 0.960692
37 0.850183 0.709524 0.0401013 0.960692
37 0.850183 0.709524 0.0401013 0.960692
37 0.850183 0.709524 0.0401013 0.960692
37 0.850183 0.709524 0.0401013 0.960692
37 0.850183 0.709524 0.0401013 0.960692
37 0.850183 0.709524 0.0401013 0.960692
37 0.850183 0.709524 0.0401013 0.960692
38 0.850183 0.709524 0.0401013 0.960692
38 0.850183 0.709524 0.0401013 0.960692
38 0.850183 0.709524 0.0401013 0.960692
38 0.850183 0.709524 0.0401013 0.960692
38 0.850183 0.709524 0.0401013 0.960692
38 0.850183 0.709524 0.0401013 0.960692
38 0.850183 0.709524 0.0401013 0.960692
38 0.850183 0.709524 0.0401013 0.960692
38 0.850183 0.709524 0.0401013 0.960692
38 0.850183 0.709524 0.0401013 0.960692
38 0.850183 0.709524 0.0401013 0.960692
38 0.850183 0.709524 0.0401013 0.960692
38 0.850183 0.709524 0.0401013 0.960692
38 0.850183 0.709524 0.0401013 0.960692
38 0.850183 0.709524 0.0401013 0.960692
38 0.850183 0.709524 0.0401013 0.960692
38 0.850183 0.709524 0.0401013 0.960692
38 0.850183 0.709524 0.0401013 0.960692
38 0.850183 0.709524 0.0401013 0.960692
39 0.850183 0.709524 0.0401013 0.960692
39 0.850183 0.709524 0.0401013 0.960692
39 0.850183 0.709524 0.0401013 0.960692
39 0.850183 0.709524 0.0401013 0.960692
39 0.850183 0.709524 0.0401013 0.960692
39 0.850183 0.709524 0.0401013 0.960692
39 0.850183 0.709524 0.0401013 0.960692
39 0.850183 0.709524 0.0401013 0.960692
39 0.850183 0.709524 0.0401013 0.960692
39 0.850183 0.709524 0.0401013 0.960692
39 0.850183 0.709524 0.0401013 0.960692
39 0.850183 0.709524 0.0401013 0.960692
39 0.850183 0.709524 0.0401013 0.960692
39 0.850183 0.709524 0.0401013 0.960692
39 0.850183 0.709524 0.0401013 0.960692
39 0.850183 0.709524 0.0401013 0.960692
39 0.850183 0.709524 0.0401013 0.960692
39 0.850183 0.709524 0.0401013 0.960692
39 0.850183 0.709524 0.0401013 0.960692
40 0.850183 0.709524 0.0401013 0.960692
40 0.850183 0.709524 0.0401013 0.960692
40 0.850183 0.709524 0.0401013 0.960692
40 0.850183 0.709524 0.0401013 0.960692
40 0.850183 0.709524 0.0401013 0.960692
40 0.850183 0.709524 0.0401013 0.960692
40 0.850183 0.709524 0.0401013 0.960692
40 0.850183 0.709524 0.0401013 0.960692
40 0.850183 0.709524 0.0401013 0.960692
40 0.850183 0.709524 0.0401013 0.960692
40 0.850183 0.709524 0.0401013 0.960692
40 0.850183 0.709524 0.0401013 0.960692
40 0.850183 0.709524 0.0401013 0.960692
40 0.850183 0.709524 0.0401013 0.960692
40 0.850183 0.709524 0.0401013 0.960692
40 0.850183 0.709524 0.0401013 0.960692
40 0.850183 0.709524 0.0401013 0.960692
40 0.850183 0.709524 0.0401013 0.960692
40 0.850183 0.709524 0.0401013 0.960692
41 0.850183 0.709524 0.0401013 0.960692
41 0.850183 0.709524 0.0401013 0.960692
41 0.850183 0.709524 0.0401013 0.960692
41 0.850183 0.709524 0.0401013 0.960692
41 0.850183 0.709524 0.0401013 0.960692
41 0.850183 0.709524 0.0401013 0.960692
41 0.850183 0.709524 0.0401013 0.960692
41 0.850183 0.709524 0.0401013 0.960692
41 0.850183 0.709524 0.0401013 0.960692
41 0.850183 0.709524 0.0401013 0.960692
41 0.850183 0.709524 0.0401013 0.960692
41 0.850183 0.709524 0.0401013 0.960692
41 0.850183 0.709524 0.0401013 0.960692
41 0.850183 0.709524 0.0401013 0.960692
41 0.850183 0.709524 0.0401013 0.960692
41 0.850183 0.709524 0.0401013 0.960692
41 0.850183 0.709524 0.0401013 0.960692
41 0.850183 0.709524 0.0401013 0.960692
41 0.850183 0.709524 0.0401013 0.960692
42 0.850183 0.709524 0.0401013 0.960692
42 0.850183 0.709524 0.0401013 0.960692
42 0.850183 0.709524 0.0401013 0.960692
42 0.850183 0.709524 0.0401013 0.960692
42 0.850183 0.709524 0.0401013 0.960692
42 0.850183 0.709524 0.0401013 0.960692
42 0.850183 0.709524 0.0401013 0.960692
42 0.850183 0.709524 0.0401013 0.960692
42 0.850183 0.709524 0.0401013 0.960692
42 0.850183 0.709524 0.0401013 0.960692
42 0.850183 0.709524 0.0401013 0.960692
42 0.850183 0.709524 0.0401013 0.960692
42 0.850183 0.709524 0.0401013 0.960692
42 0.850183 0.709524 0.0401013 0.960692
42 0.850183 0.709524 0.0401013 0.960692
42 0.850183 0.709524 0.0401013 0.960692
42 0.850183 0.709524 0.0401013 0.960692
42 0.850183 0.709524 0.0401013 0.960692
42 0.850183 0.709524 0.0401013 0.960692
43 0.850183 0.709524 0.0401013 0.960692
43 0.850183 0.709524 0.0401013 0.960692
43 0.850183 0.709524 0.0401013 0.960692
43 0.850183 0.709524 0.0401013 0.960692
43 0.850183 0.709524 0.0401013 0.960692
43 0.850183 0.709524 0.0401013 0.960692
43 0.850183 0.709524 0.0401013 0.960692
43 0.850183 0.709524 0.0401013 0.960692
43 0.850183 0.709524 0.0401013 0.960692
43 0.850183 0.709524 0.0401013 0.960692
43 0.850183 0.709524 0.0401013 0.960692
43 0.850183 0.709524 0.0401013 0.960692
43 0.850183 0.709524 0.0401013 0.960692
43 0.850183 0.709524 0.0401013 0.960692
43 0.850183 0.709524 0.0401013 0.960692
43 0.850183 0.709524 0.0401013 0.960692
43 0.850183 0.709524 0.0401013 0.960692
43 0.850183 0.709524 0.0401013 0.960692
43 0.850183 0.709524 0.0401013 0.960692
44 0.850183 0.709524 0.0401013 0.960692
44 0.850183 0.709524 0.0401013 0.960692
44 0.850183 0.709524 0.0401013 0.960692
44 0.850183 0.709524 0.0401013 0.960692
44 0.850183 0.709524 0.0401013 0.960692
44 0.850183 0.709524 0.0401013 0.960692
44 0.850183 0.709524 0.0401013 0.960692
44 0.850183 0.709524 0.0401013 0.960692
44 0.850183 0.709524 0.0401013 0.960692
44 0.850183 0.709524 0.0401013 0.960692
44 0.850183 0.709524 0.0401013 0.960692
44 0.850183 0.709524 0.0401013 0.960692
44 0.850183 0.709524 0.0401013 0.960692
44 0.850183 0.709524 0.0401013 0.960692
44 0.850183 0.709524 0.0401013 0.960692
44 0.850183 0.709524 0.0401013 0.960692
44 0.850183 0.709524 0.0401013 0.960692
44 0.850183 0.709524 0.0401013 0.960692
44 0.850183 0.709524 0.0401013 0.960692
45 0.850183 0.709524 0.0401013 0.960692
45 0.850183 0.709524 0.0401013 0.960692
45 0.850183 0.709524 0.0401013 0.960692
45 0.850183 0.709524 0.0401013 0.960692
45 0.850183 0.709524 0.0401013 0.960692
45 0.850183 0.709524 0.0401013 0.960692
45 0.850183 0.709524 0.0401013 0.960692
45 0.850183 0.709524 0.0401013 0.960692
45 0.850183 0.709524 0.0401013 0.960692
45 0.850183 0.709524 0.0401013 0.960692
45 0.850183 0.615751 1.16864 0.310789
45 0.850183 0.709524 0.0401013 0.960692
45 0.850183 0.709524 0.0401013 0.960692
45 0.850183 0.709524 0.0401013 0.960692
45 0.850183 0.709524 0.0401013 0.960692
45 0.850183 0.709524 0.0401013 0.960692
45 0.850183 0.709524 0.0401013 0.960692
45 0.850183 0.709524 0.0401013 0.960692
45 0.850183 0.709524 0.0401013 0.960692
46 0.850183 0.709524 0.0401013 0.960692
46 0.850183 0.709524 0.0401013 0.960692
46 0.850183 0.709524 0.0401013 0.960692
46 0.850183 0.709524 0.0401013 0.960692
46 0.850183 0.709524 0.0401013 0.960692
46 0.850183 0.709524 0.0401013 0.960692
46 0.850183 0.709524 0.0401013 0.960692
46 0.850183 0.709524 0.0401013 0.960692
46 0.850183 0.709524 0.0401013 0.960692
46 0.850183 0.709524 0.0401013 0.960692
46 0.850183 0.709524 0.0401013 0.960692
46 0.850183 0.709524 0.0401013 0.960692
46 0.850183 0.709524 0.0401013 0.960692
46 0.850183 0.709524 0.0401013 0.960692
46 0.850183 0.709524 0.0401013 0.960692
46 0.850183 0.709524 0.0401013 0.960692
46 0.850183 0.709524 0.0401013 0.960692
46 0.850183 0.709524 0.0401013 0.960692
46 0.850183 0.709524 0.0401013 0.960692
47 0.850183 0.709524 0.0401013 0.960692
47 0.850183 0.709524 0.0401013 0.960692
47 0.850183 0.709524 0.0401013 0.960692
47 0.850183 0.709524 0.0401013 0.960692
47 0.850183 0.709524 0.0401013 0.960692
47 0.850183 0.709524 0.0401013 0.960692
47 0.850183 0.709524 0.0401013 0.960692
47 0.850183 0.709524 0.0401013 0.960692
47 0.850183 0.709524 0.0401013 0.960692
47 0.850183 0.709524 0.0401013 0.960692
47 0.850183 0.709524 0.0401013 0.960692
47 0.850183 0.709524 0.0401013 0.960692
47 0.850183 0.709524 0.0401013 0.960692
47 0.850183 0.709524 0.0401013 0.960692
47 0.850183 0.709524 0.0401013 0.960692
47 0.850183 0.709524 0.0401013 0.960692
47 0.850183 0.709524 0.0401013 0.960692
47 0.850183 0.709524 0.0401013 0.960692
47 0.850183 0.709524 0.0401013 0.960692
48 0.850183 0.709524 0.0401013 0.960692
48 0.850183 0.709524 0.0401013 0.960692
48 0.850183 0.709524 0.0401013 0.960692
48 0.850183 0.709524 0.0401013 0.960692
48 0.850183 0.709524 0.0401013 0.960692
48 0.850183 0.709524 0.0401013 0.960692
48 0.850183 0.709524 0.0401013 0.960692
48 0.850183 0.709524 0.0401013 0.960692
48 0.850183 0.709524 0.0401013 0.960692
48 0.850183 0.709524 0.0401013 0.960692
48 0.850183 0.709524 0.0401013 0.960692
48 0.850183 0.709524 0.0401013 0.960692
48 0.850183 0.709524 0.0401013 0.960692
48 0.850183 0.709524 0.0401013 0.960692
48 0.850183 0.709524 0.0401013 0.960692
48 0.850183 0.709524 0.0401013 0.960692
48 0.850183 0.709524 0.0401013 0.960692
48 0.850183 0.709524 0.0401013 0.960692
48 0.850183 0.709524 0.0401013 0.960692
49 0.850183 0.709524 0.0401013 0.960692
49 0.850183 0.709524 0.0401013 0.960692
49 0.850183 0.709524 0.0401013 0.960692
49 0.850183 0.709524 0.0401013 0.960692
49 0.850183 0.709524 0.0401013 0.960692
49 0.850183 0.709524 0.0401013 0.960692
49 0.850183 0.709524 0.0401013 0.960692
49 0.850183 0.709524 0.0401013 0.960692
49 0.850183 0.709524 0.0401013 0.960692
49 0.850183 0.709524 0.0401013 0.960692
49 0.850183 0.709524 0.0401013 0.960692
49 0.850183 0.709524 0.0401013 0.960692
49 0.850183 0.709524 0.0401013 0.960692
49 0.850183 0.709524 0.0401013 0.960692
49 0.850183 0.709524 0.0401013 0.960692
49 0.850183 0.709524 0.0401013 0.960692
49 0.850183 0.709524 0.0401013 0.960692
49 0.850183 0.709524 0.0401013 0.960692
49 0.850183 0.709524 0.0401013 0.960692
50 0.850183 0.709524 0.0401013 0.960692
50 0.850183 0.709524 0.0401013 0.960692
50 0.850183 0.709524 0.0401013 0.960692
50 0.850183 0.709524 0.0401013 0.960692
50 0.850183 0.709524 0.0401013 0.960692
50 0.850183 0.709524 0.0401013 0.960692
50 0.850183 0.709524 0.0401013 0.960692
50 0.850183 0.709524 0.0401013 0.960692
50 0.850183 0.709524 0.0401013 0.960692
50 0.850183 0.709524 0.0401013 0.960692
50 0.850183 0.709524 0.0401013 0.960692
50 0.850183 0.709524 0.0401013 0.960692
50 0.850183 0.709524 0.0401013 0.960692
50 0.850183 0.709524 0.0401013 0.960692
50 0.850183 0.709524 0.0401013 0.960692
50 0.850183 0.709524 0.0401013 0.960692
50 0.850183 0.709524 0.0401013 0.960692
50 0.850183 0.709524 0.0401013 0.960692
50 0.850183 0.709524 0.0401013 0.960692
51 0.850183 0.709524 0.0401013 0.960692
51 0.850183 0.709524 0.0401013 0.960692
51 0.850183 0.709524 0.0401013 0.960692
51 0.850183 0.709524 0.0401013 0.960692
51 0.850183 0.709524 0.0401013 0.960692
51 0.850183 0.709524 0.0401013 0.960692
51 0.850183 0.709524 0.0401013 0.960692
51 0.850183 0.709524 0.0401013 0.960692
51 0.850183 0.709524 0.0401013 0.960692
51 0.850183 0.709524 0.0401013 0.960692
51 0.850183 0.709524 0.0401013 0.960692
51 0.850183 0.709524 0.0401013 0.960692
51 0.850183 0.709524 0.0401013 0.960692
51 0.850183 0.709524 0.0401013 0.960692
51 0.850183 0.709524 0.0401013 0.960692
51 0.850183 0.709524 0.0401013 0.960692
51 0.850183 0.709524 0.0401013 0.960692
51 0.850183 0.709524 0.0401013 0.960692
51 0.850183 0.709524 0.0401013 0.960692
52 0.850183 0.709524 0.0401013 0.960692
52 0.850183 0.709524 0.0401013 0.960692
52 0.850183 0.709524 0.0401013 0.960692
52 0.850183 0.709524 0.0401013 0.960692
52 0.850183 0.709524 0.0401013 0.960692
52 0.850183 0.709524 0.0401013 0.960692
52 0.850183 0.709524 0.0401013 0.960692
52 0.850183 0.709524 0.0401013 0.960692
52 0.850183 0.709524 0.0401013 0.960692
52 0.850183 0.709524 0.0401013 0.960692
52 0.850183 0.709524 0.0401013 0.960692
52 0.850183 0.709524 0.0401013 0.960692
52 0.850183 0.709524 0.0401013 0.960692
52 0.850183 0.709524 0.0401013 0.960692
52 0.850183 0.709524 0.0401013 0.960692
52 0.850183 0.709524 0.0401013 0.960692
52 0.850183 0.709524 0.0401013 0.960692
52 0.850183 0.709524 0.0401013 0.960692
52 0.850183 0.709524 0.0401013 0.960692
53 0.850183 0.709524 0.0401013 0.960692
53 0.850183 0.709524 0.0401013 0.960692
53 0.850183 0.709524 0.0401013 0.960692
53 0.850183 0.709524 0.0401013 0.960692
53 0.850183 0.709524 0.0401013 0.960692
53 0.850183 0.709524 0.0401013 0.960692
53 0.850183 0.709524 0.0401013 0.960692
53 0.850183 0.709524 0.0401013 0.960692
53 0.850183 0.709524 0.0401013 0.960692
53 0.850183 0.709524 0.0401013 0.960692
53 0.850183 0.709524 0.0401013 0.960692
53 0.850183 0.709524 0.0401013 0.960692
53 0.850183 0.709524 0.0401013 0.960692
53 0.850183 0.709524 0.0401013 0.960692
53 0.850183 0.709524 0.0401013 0.960692
53 0.850183 0.709524 0.0401013 0.960692
53 0.850183 0.709524 0.0401013 0.960692
53 0.850183 0.709524 0.0401013 0.960692
53 0.850183 0.709524 0.0401013 0.960692
54 0.850183 0.709524 0.0401013 0.960692
54 0.850183 0.709524 0.0401013 0.960692
54 0.850183 0.709524 0.0401013 0.960692
54 0.850183 0.709524 0.0401013 0.960692
54 0.850183 0.709524 0.0401013 0.960692
54 0.850183 0.709524 0.0401013 0.960692
54 0.850183 0.709524 0.0401013 0.960692
54 0.850183 0.709524 0.0401013 0.960692
54 0.850183 0.709524 0.0401013 0.960692
54 0.850183 0.709524 0.0401013 0.960692
54 0.850183 0.709524 0.0401013 0.960692
54 0.850183 0.709524 0.0401013 0.960692
54 0.850183 0.709524 0.0401013 0.960692
54 0.850183 0.709524 0.0401013 0.960692
54 0.850183 0.709524 0.0401013 0.960692
54 0.850183 0.709524 0.0401013 0.960692
54 0.850183 0.709524 0.0401013 0.960692
54 0.850183 0.709524 0.0401013 0.960692
54 0.850183 0.709524 0.0401013 0.960692
55 0.850183 0.709524 0.0401013 0.960692
55 0.850183 0.709524 0.0401013 0.960692
55 0.850183 0.709524 0.0401013 0.960692
55 0.850183 0.709524 0.0401013 0.960692
55 0.850183 0.709524 0.0401013 0.960692
55 0.850183 0.709524 0.0401013 0.960692
55 0.850183 0.709524 0.0401013 0.960692
55 0.850183 0.709524 0.0401013 0.960692
55 0.850183 0.709524 0.0401013 0.960692
55 0.850183 0.709524 0.0401013 0.960692
55 0.850183 0.709524 0.0401013 0.960692
55 0.850183 0.709524 0.0401013 0.960692
55 0.850183 0.709524 0.0401013 0.960692
55 0.850183 0.709524 0.0401013 0.960692
55 0.850183 0.709524 0.0401013 0.960692
55 0.850183 0.709524 0.0401013 0.960692
55 0.850183 0.709524 0.0401013 0.960692
55 0.850183 0.709524 0.0401013 0.960692
55 0.850183 0.709524 0.0401013 0.960692
56 0.850183 0.709524 0.0401013 0.960692
56 0.850183 0.709524 0.0401013 0.960692
56 0.850183 0.709524 0.0401013 0.960692
56 0.850183 0.709524 0.0401013 0.960692
56 0.850183 0.709524 0.0401013 0.960692
56 0.850183 0.709524 0.0401013 0.960692
56 0.850183 0.709524 0.0401013 0.960692
56 0.850183 0.709524 0.0401013 0.960692
56 0.850183 0.709524 0.0401013 0.960692
56 0.850183 0.709524 0.0401013 0.960692
56 0.850183 0.709524 0.0401013 0.960692
56 0.850183 0.709524 0.0401013 0.960692
56 0.850183 0.709524 0.0401013 0.960692
56 0.850183 0.709524 0.0401013 0.960692
56 0.850183 0.709524 0.0401013 0.960692
56 0.850183 0.709524 0.0401013 0.960692
56 0.850183 0.709524 0.0401013 0.960692
56 0.850183 0.709524 0.0401013 0.960692
56 0.850183 0.709524 0.0401013 0.960692
57 0.850183 0.709524 0.0401013 0.960692
57 0.850183 0.709524 0.0401013 0.960692
57 0.850183 0.709524 0.0401013 0.960692
57 0.850183 0.709524 0.0401013 0.960692
57 0.850183 0.709524 0.0401013 0.960692
57 0.850183 0.709524 0.0401013 0.960692
57 0.850183 0.709524 0.0401013 0.960692
57 0.850183 0.709524 0.0401013 0.960692
57 0.850183 0.709524 0.0401013 0.960692
57 0.850183 0.709524 0.0401013 0.960692
57 0.850183 0.709524 0.0401013 0.960692
57 0.850183 0.709524 0.0401013 0.960692
57 0.850183 0.709524 0.0401013 0.960692
57 0.850183 0.709524 0.0401013 0.960692
57 0.850183 0.709524 0.0401013 0.960692
57 0.850183 0.709524 0.0401013 0.960692
57 0.850183 0.709524 0.0401013 0.960692
57 0.850183 0.709524 0.0401013 0.960692
57 0.850183 0.709524 0.0401013 0.960692
58 0.850183 0.709524 0.0401013 0.960692
58 0.850183 0.709524 0.0401013 0.960692
58 0.850183 0.709524 0.0401013 0.960692
58 0.850183 0.709524 0.0401013 0.960692
58 0.850183 0.709524 0.0401013 0.960692
58 0.850183 0.709524 0.0401013 0.960692
58 0.850183 0.709524 0.0401013 0.960692
58 0.850183 0.709524 0.0401013 0.960692
58 0.850183 0.709524 0.0401013 0.960692
58 0.850183 0.709524 0.0401013 0.960692
58 0.850183 0.709524 0.0401013 0.960692
58 0.850183 0.709524 0.0401013 0.960692
58 0.850183 0.709524 0.0401013 0.960692
58 0.850183 0.709524 0.0401013 0.960692
58 0.850183 0.709524 0.0401013 0.960692
58 0.850183 0.709524 0.0401013 0.960692
58 0.850183 0.709524 0.0401013 0.960692
58 0.850183 0.709524 0.0401013 0.960692
58 0.850183 0.709524 0.0401013 0.960692
59 0.850183 0.709524 0.0401013 0.960692
59 0.850183 0.709524 0.0401013 0.960692
59 0.850183 0.709524 0.0401013 0.960692
59 0.850183 0.709524 0.0401013 0.960692
59 0.850183 0.709524 0.0401013 0.960692
59 0.850183 0.709524 0.0401013 0.960692
59 0.850183 0.709524 0.0401013 0.960692
59 0.850183 0.709524 0.0401013 0.960692
59 0.850183 0.709524 0.0401013 0.960692
59 0.850183 0.709524 0.0401013 0.960692
59 0.850183 0.709524 0.0401013 0.960692
59 0.850183 0.709524 0.0401013 0.960692
59 0.850183 0.709524 0.0401013 0.960692
59 0.850183 0.709524 0.0401013 0.960692
59 0.850183 0.709524 0.0401013 0.960692
59 0.850183 0.709524 0.0401013 0.960692
59 0.850183 0.709524 0.0401013 0.960692
59 0.850183 0.709524 0.0401013 0.960692
59 0.850183 0.709524 0.0401013 0.960692
60 0.850183 0.709524 0.0401013 0.960692
60 0.850183 0.709524 0.0401013 0.960692
60 0.850183 0.709524 0.0401013 0.960692
60 0.850183 0.709524 0.0401013 0.960692
60 0.850183 0.709524 0.0401013 0.960692
60 0.850183 0.709524 0.0401013 0.960692
60 0.850183 0.709524 0.0401013 0.960692
60 0.850183 0.709524 0.0401013 0.960692
60 0.850183 0.709524 0.0401013 0.960692
60 0.850183 0.709524 0.0401013 0.960692
60 0.850183 0.709524 0.0401013 0.960692
60 0.850183 0.709524 0.0401013 0.960692
60 0.850183 0.709524 0.0401013 0.960692
60 0.850183 0.709524 0.0401013 0.960692
60 0.850183 0.709524 0.0401013 0.960692
60 0.850183 0.709524 0.0401013 0.960692
60 0.850183 0.709524 0.0401013 0.960692
60 0.850183 0.709524 0.0401013 0.960692
60 0.850183 0.709524 0.0401013 0.960692
61 0.850183 0.709524 0.0401013 0.960692
61 0.850183 0.709524 0.0401013 0.960692
61 0.850183 0.709524 0.0401013 0.960692
61 0.850183 0.709524 0.0401013 0.960692
61 0.850183 0.709524 0.0401013 0.960692
61 0.850183 0.709524 0.0401013 0.960692
61 0.850183 0.709524 0.0401013 0.960692
61 0.850183 0.709524 0.0401013 0.960692
61 0.850183 0.709524 0.0401013 0.960692
61 0.850183 0.709524 0.0401013 0.960692
61 0.850183 0.709524 0.0401013 0.960692
61 0.850183 0.709524 0.0401013 0.960692
61 0.850183 0.709524 0.0401013 0.960692
61 0.850183 0.709524 0.0401013 0.960692
61 0.850183 0.709524 0.0401013 0.960692
61 0.850183 0.709524 0.0401013 0.960692
61 0.850183 0.709524 0.0401013 0.960692
61 0.850183 0.709524 0.0401013 0.960692
61 0.850183 0.709524 0.0401013 0.960692
62 0.850183 0.709524 0.0401013 0.960692
62 0.850183 0.709524 0.0401013 0.960692
62 0.850183 0.709524 0.0401013 0.960692
62 0.850183 0.709524 0.0401013 0.960692
62 0.850183 0.709524 0.0401013 0.960692
62 0.850183 0.709524 0.0401013 0.960692
62 0.850183 0.709524 0.0401013 0.960692
62 0.850183 0.709524 0.0401013 0.960692
62 0.850183 0.709524 0.0401013 0.960692
62 0.850183 0.709524 0.0401013 0.960692
62 0.850183 0.709524 0.0401013 0.960692
62 0.850183 0.709524 0.0401013 0.960692
62 0.850183 0.709524 0.0401013 0.960692
62 0.850183 0.709524 0.0401013 0.960692
62 0.850183 0.709524 0.0401013 0.960692
62 0.850183 0.709524 0.0401013 0.960692
62 0.850183 0.709524 0.0401013 0.960692
62 0.850183 0.709524 0.0401013 0.960692
62 0.850183 0.709524 0.0401013 0.960692
63 0.850183 0.709524 0.0401013 0.960692
63 0.850183 0.709524 0.0401013 0.960692
63 0.850183 0.709524 0.0401013 0.960692
63 0.850183 0.709524 0.0401013 0.960692
63 0.850183 0.709524 0.0401013 0.960692
63 0.850183 0.709524 0.0401013 0.960692
63 0.850183 0.709524 0.0401013 0.960692
63 0.850183 0.709524 0.0401013 0.960692
63 0.850183 0.709524 0.0401013 0.960692
63 0.850183 0.709524 0.0401013 0.960692
63 0.850183 0.709524 0.0401013 0.960692
63 0.850183 0.709524 0.0401013 0.960692
63 0.850183 0.709524 0.0401013 0.960692
63 0.850183 0.709524 0.0401013 0.960692
63 0.850183 0.709524 0.0401013 0.960692
63 0.850183 0.709524 0.0401013 0.960692
63 0.850183 0.709524 0.0401013 0.960692
63 0.850183 0.709524 0.0401013 0.960692
63 0.850183 0.709524 0.0401013 0.960692
64 0.850183 0.709524 0.0401013 0.960692
64 0.850183 0.709524 0.0401013 0.960692
64 0.850183 0.709524 0.0401013 0.960692
64 0.850183 0.709524 0.0401013 0.960692
64 0.850183 0.709524 0.0401013 0.960692
64 0.850183 0.709524 0.0401013 0.960692
64 0.850183 0.709524 0.0401013 0.960692
64 0.850183 0.709524 0.0401013 0.960692
64 0.850183 0.709524 0.0401013 0.960692
64 0.850183 0.709524 0.0401013 0.960692
64 0.850183 0.709524 0.0401013 0.960692
64 0.850183 0.709524 0.0401013 0.960692
64 0.850183 0.709524 0.0401013 0.960692
64 0.850183 0.709524 0.0401013 0.960692
64 0.850183 0.709524 0.0401013 0.960692
64 0.850183 0.709524 0.0401013 0.960692
64 0.850183 0.709524 0.0401013 0.960692
64 0.850183 0.709524 0.0401013 0.960692
64 0.850183 0.709524 0.0401013 0.960692
65 0.850183 0.709524 0.0401013 0.960692
65 0.850183 0.709524 0.0401013 0.960692
65 0.850183 0.709524 0.0401013 0.960692
65 0.850183 0.709524 0.0401013 0.960692
65 0.850183 0.709524 0.0401013 0.960692
65 0.850183 0.709524 0.0401013 0.960692
65 0.850183 0.709524 0.0401013 0.960692
65 0.850183 0.709524 0.0401013 0.960692
65 0.850183 0.709524 0.0401013 0.960692
65 0.850183 0.709524 0.0401013 0.960692
65 0.850183 0.709524 0.0401013 0.960692
65 0.850183 0.709524 0.0401013 0.960692
65 0.850183 0.709524 0.0401013 0.960692
65 0.850183 0.709524 0.0401013 0.960692
65 0.850183 0.709524 0.0401013 0.960692
65 0.850183 0.709524 0.0401013 0.960692
65 0.850183 0.709524 0.0401013 0.960692
65 0.850183 0.709524 0.0401013 0.960692
65 0.850183 0.709524 0.0401013 0.960692
66 0.850183 0.709524 0.0401013 0.960692
66 0.850183 0.709524 0.0401013 0.960692
66 0.850183 0.709524 0.0401013 0.960692
66 0.850183 0.709524 0.0401013 0.960692
66 0.850183 0.709524 0.0401013 0.960692
66 0.850183 0.709524 0.0401013 0.960692
66 0.850183 0.709524 0.0401013 0.960692
66 0.850183 0.709524 0.0401013 0.960692
66 0.850183 0.709524 0.0401013 0.960692
66 0.850183 0.709524 0.0401013 0.960692
66 0.850183 0.709524 0.0401013 0.960692
66 0.850183 0.709524 0.0401013 0.960692
66 0.850183 0.709524 0.0401013 0.960692
66 0.850183 0.709524 0.0401013 0.960692
66 0.850183 0.709524 0.0401013 0.960692
66 0.850183 0.709524 0.0401013 0.960692
66 0.850183 0.709524 0.0401013 0.960692
66 0.850183 0.709524 0.0401013 0.960692
66 0.850183 0.709524 0.0401013 0.960692
67 0.850183 0.709524 0.0401013 0.960692
67 0.850183 0.709524 0.0401013 0.960692
67 0.850183 0.709524 0.0401013 0.960692
67 0.850183 0.709524 0.0401013 0.960692
67 0.850183 0.709524 0.0401013 0.960692
67 0.850183 0.709524 0.0401013 0.960692
67 0.850183 0.709524 0.0401013 0.960692
67 0.850183 0.709524 0.0401013 0.960692
67 0.850183 0.709524 0.0401013 0.960692
67 0.850183 0.709524 0.0401013 0.960692
67 0.850183 0.709524 0.0401013 0.960692
67 0.850183 0.709524 0.0401013 0.960692
67 0.850183 0.709524 0.0401013 0.960692
67 0.850183 0.709524 0.0401013 0.960692
67 0.850183 0.709524 0.0401013 0.960692
67 0.850183 0.709524 0.0401013 0.960692
67 0.850183 0.709524 0.0401013 0.960692
67 0.850183 0.709524 0.0401013 0.960692
67 0.850183 0.709524 0.0401013 0.960692
68 0.850183 0.709524 0.0401013 0.960692
68 0.850183 0.709524 0.0401013 0.960692
68 0.850183 0.709524 0.0401013 0.960692
68 0.850183 0.709524 0.0401013 0.960692
68 0.850183 0.709524 0.0401013 0.960692
68 0.850183 0.709524 0.0401013 0.960692
68 0.850183 0.709524 0.0401013 0.960692
68 0.850183 0.709524 0.0401013 0.960692
68 0.850183 0.709524 0.0401013 0.960692
68 0.850183 0.709524 0.0401013 0.960692
68 0.850183 0.709524 0.0401013 0.960692
68 0.850183 0.709524 0.0401013 0.960692
68 0.850183 0.709524 0.0401013 0.960692
68 0.850183 0.709524 0.0401013 0.960692
68 0.850183 0.709524 0.0401013 0.960692
68 0.850183 0.709524 0.0401013 0.960692
68 0.850183 0.709524 0.0401013 0.960692
68 0.850183 0.709524 0.0401013 0.960692
68 0.850183 0.709524 0.0401013 0.960692
69 0.850183 0.709524 0.0401013 0.960692
69 0.850183 0.709524 0.0401013 0.960692
69 0.850183 0.709524 0.0401013 0.960692
69 0.850183 0.709524 0.0401013 0.960692
69 0.850183 0.709524 0.0401013 0.960692
69 0.850183 0.709524 0.0401013 0.960692
69 0.850183 0.709524 0.0401013 0.960692
69 0.850183 0.709524 0.0401013 0.960692
69 0.850183 0.709524 0.0401013 0.960692
69 0.850183 0.709524 0.0401013 0.960692
69 0.850183 0.709524 0.0401013 0.960692
69 0.850183 0.709524 0.0401013 0.960692
69 0.850183 0.709524 0.0401013 0.960692
69 0.850183 0.709524 0.0401013 0.960692
69 0.850183 0.709524 0.0401013 0.960692
69 0.850183 0.709524 0.0401013 0.960692
69 0.850183 0.709524 0.0401013 0.960692
69 0.850183 0.709524 0.0401013 0.960692
69 0.850183 0.709524 0.0401013 0.960692
70 0.850183 0.709524 0.0401013 0.960692
70 0.850183 0.709524 0.0401013 0.960692
70 0.850183 0.709524 0.0401013 0.960692
70 0.850183 0.709524 0.0401013 0.960692
70 0.850183 0.709524 0.0401013 0.960692
70 0.850183 0.709524 0.0401013 0.960692
70 0.850183 0.709524 0.0401013 0.960692
70 0.850183 0.709524 0.0401013 0.960692
70 0.850183 0.709524 0.0401013 0.960692
70 0.850183 0.709524 0.0401013 0.960692
70 0.850183 0.709524 0.0401013 0.960692
70 0.850183 0.709524 0.0401013 0.960692
70 0.850183 0.709524 0.0401013 0.960692
70 0.850183 0.709524 0.0401013 0.960692
70 0.850183 0.709524 0.0401013 0.960692
70 0.850183 0.709524 0.0401013 0.960692
70 0.850183 0.709524 0.0401013 0.960692
70 0.850183 0.709524 0.0401013 0.960692
70 0.850183 0.709524 0.0401013 0.960692
71 0.850183 0.709524 0.0401013 0.960692
71 0.850183 0.709524 0.0401013 0.960692
71 0.850183 0.709524 0.0401013 0.960692
71 0.850183 0.709524 0.0401013 0.960692
71 0.850183 0.709524 0.0401013 0.960692
71 0.850183 0.709524 0.0401013 0.960692
71 0.850183 0.709524 0.0401013 0.960692
71 0.850183 0.709524 0.0401013 0.960692
71 0.850183 0.709524 0.0401013 0.960692
71 0.850183 0.709524 0.0401013 0.960692
71 0.850183 0.709524 0.0401013 0.960692
71 0.850183 0.709524 0.0401013 0.960692
71 0.850183 0.709524 0.0401013 0.960692
71 0.850183 0.709524 0.0401013 0.960692
71 0.850183 0.709524 0.0401013 0.960692
71 0.850183 0.709524 0.0401013 0.960692
71 0.850183 0.709524 0.0401013 0.960692
71 0.850183 0.709524 0.0401013 0.960692
71 0.850183 0.709524 0.0401013 0.960692
72 0.850183 0.709524 0.0401013 0.960692
72 0.850183 0.709524 0.0401013 0.960692
72 0.850183 0.709524 0.0401013 0.960692
72 0.850183 0.709524 0.0401013 0.960692
72 0.850183 0.709524 0.0401013 0.960692
72 0.850183 0.709524 0.0401013 0.960692
72 0.850183 0.709524 0.0401013 0.960692
72 0.850183 0.709524 0.0401013 0.960692
72 0.850183 0.709524 0.0401013 0.960692
72 0.850183 0.709524 0.0401013 0.960692
72 0.850183 0.709524 0.0401013 0.960692
72 0.850183 0.709524 0.0401013 0.960692
72 0.850183 0.709524 0.0401013 0.960692
72 0.850183 0.709524 0.0401013 0.960692
72 0.850183 0.709524 0.0401013 0.960692
72 0.850183 0.709524 0.0401013 0.960692
72 0.850183 0.709524 0.0401013 0.960692
72 0.850183 0.709524 0.0401013 0.960692
72 0.850183 0.709524 0.0401013 0.960692
73 0.850183 0.709524 0.0401013 0.960692
73 0.850183 0.709524 0.0401013 0.960692
73 0.850183 0.709524 0.0401013 0.960692
73 0.850183 0.709524 0.0401013 0.960692
73 0.850183 0.709524 0.0401013 0.960692
73 0.850183 0.709524 0.0401013 0.960692
73 0.850183 0.709524 0.0401013 0.960692
73 0.850183 0.709524 0.0401013 0.960692
73 0.850183 0.709524 0.0401013 0.960692
73 0.850183 0.709524 0.0401013 0.960692
73 0.850183 0.709524 0.0401013 0.960692
73 0.850183 0.709524 0.0401013 0.960692
73 0.850183 0.709524 0.0401013 0.960692
73 0.850183 0.709524 0.0401013 0.960692
73 0.850183 0.709524 0.0401013 0.960692
73 0.850183 0.709524 0.0401013 0.960692
73 0.850183 0.709524 0.0401013 0.960692
73 0.850183 0.709524 0.0401013 0.960692
73 0.850183 0.709524 0.0401013 0.960692
74 0.850183 0.709524 0.0401013 0.960692
74 0.850183 0.709524 0.0401013 0.960692
74 0.850183 0.709524 0.0401013 0.960692
74 0.850183 0.709524 0.0401013 0.960692
74 0.850183 0.709524 0.0401013 0.960692
74 0.850183 0.709524 0.0401013 0.960692
74 0.850183 0.709524 0.0401013 0.960692
74 0.850183 0.709524 0.0401013 0.960692
74 0.850183 0.709524 0.0401013 0.960692
74 0.850183 0.709524 0.0401013 0.960692
74 0.850183 0.709524 0.0401013 0.960692
74 0.850183 0.709524 0.0401013 0.960692
74 0.850183 0.709524 0.0401013 0.960692
74 0.850183 0.709524 0.0401013 0.960692
74 0.850183 0.709524 0.0401013 0.960692
74 0.850183 0.709524 0.0401013 0.960692
74 0.850183 0.709524 0.0401013 0.960692
74 0.850183 0.709524 0.0401013 0.960692
74 0.850183 0.709524 0.0401013 0.960692
75 0.850183 0.709524 0.0401013 0.960692
75 0.850183 0.709524 0.0401013 0.960692
75 0.850183 0.709524 0.0401013 0.960692
75 0.850183 0.709524 0.0401013 0.960692
75 0.850183 0.709524 0.0401013 0.960692
75 0.850183 0.709524 0.0401013 0.960692
75 0.850183 0.709524 0.0401013 0.960692
75 0.850183 0.709524 0.0401013 0.960692
75 0.850183 0.709524 0.0401013 0.960692
75 0.850183 0.709524 0.0401013 0.960692
75 0.850183 0.709524 0.0401013 0.960692
75 0.850183 0.709524 0.0401013 0.960692
75 0.850183 0.709524 0.0401013 0.960692
75 0.850183 0.709524 0.0401013 0.960692
75 0.850183 0.709524 0.0401013 0.960692
75 0.850183 0.709524 0.0401013 0.960692
75 0.850183 0.709524 0.0401013 0.960692
75 0.850183 0.709524 0.0401013 0.960692
75 0.850183 0.709524 0.0401013 0.960692
76 0.850183 0.709524 0.0401013 0.960692
76 0.850183 0.709524 0.0401013 0.960692
76 0.850183 0.709524 0.0401013 0.960692
76 0.850183 0.709524 0.0401013 0.960692
76 0.850183 0.709524 0.0401013 0.960692
76 0.850183 0.709524 0.0401013 0.960692
76 0.850183 0.709524 0.0401013 0.960692
76 0.850183 0.709524 0.0401013 0.960692
76 0.850183 0.709524 0.0401013 0.960692
76 0.850183 0.709524 0.0401013 0.960692
76 0.850183 0.709524 0.0401013 0.960692
76 0.850183 0.709524 0.0401013 0.960692
76 0.850183 0.709524 0.0401013 0.960692
76 0.850183 0.709524 0.0401013 0.960692
76 0.850183 0.709524 0.0401013 0.960692
76 0.850183 0.709524 0.0401013 0.960692
76 0.850183 0.709524 0.0401013 0.960692
76 0.850183 0.709524 0.0401013 0.960692
76 0.850183 0.709524 0.0401013 0.960692
77 0.850183 0.709524 0.0401013 0.960692
77 0.850183 0.709524 0.0401013 0.960692
77 0.850183 0.709524 0.0401013 0.960692
77 0.850183 0.709524 0.0401013 0.960692
77 0.850183 0.709524 0.0401013 0.960692
77 0.850183 0.709524 0.0401013 0.960692
77 0.850183 0.709524 0.0401013 0.960692
77 0.850183 0.709524 0.0401013 0.960692
77 0.850183 0.709524 0.0401013 0.960692
77 0.850183 0.709524 0.0401013 0.960692
77 0.850183 0.709524 0.0401013 0.960692
77 0.850183 0.709524 0.0401013 0.960692
77 0.850183 0.709524 0.0401013 0.960692
77 0.850183 0.709524 0.0401013 0.960692
77 0.850183 0.709524 0.0401013 0.960692
77 0.850183 0.709524 0.0401013 0.960692
77 0.850183 0.709524 0.0401013 0.960692
77 0.850183 0.709524 0.0401013 0.960692
77 0.850183 0.709524 0.0401013 0.960692
78 0.850183 0.709524 0.0401013 0.960692
78 0.850183 0.709524 0.0401013 0.960692
78 0.850183 0.709524 0.0401013 0.960692
78 0.850183 0.709524 0.0401013 0.960692
78 0.850183 0.709524 0.0401013 0.960692
78 0.850183 0.709524 0.0401013 0.960692
78 0.850183 0.709524 0.0401013 0.960692
78 0.850183 0.709524 0.0401013 0.960692
78 0.850183 0.709524 0.0401013 0.960692
78 0.850183 0.709524 0.0401013 0.960692
78 0.850183 0.709524 0.0401013 0.960692
78 0.850183 0.709524 0.0401013 0.960692
78 0.850183 0.709524 0.0401013 0.960692
78 0.850183 0.709524 0.0401013 0.960692
78 0.850183 0.709524 0.0401013 0.960692
78 0.850183 0.709524 0.0401013 0.960692
78 0.850183 0.709524 0.0401013 0.960692
78 0.850183 0.709524 0.0401013 0.960692
78 0.850183 0.709524 0.0401013 0.960692
79 0.850183 0.709524 0.0401013 0.960692
79 0.850183 0.709524 0.0401013 0.960692
79 0.850183 0.709524 0.0401013 0.960692
79 0.850183 0.709524 0.0401013 0.960692
79 0.850183 0.709524 0.0401013 0.960692
79 0.850183 0.709524 0.0401013 0.960692
79 0.850183 0.709524 0.0401013 0.960692
79 0.850183 0.709524 0.0401013 0.960692
79 0.850183 0.709524 0.0401013 0.960692
79 0.850183 0.709524 0.0401013 0.960692
79 0.850183 0.709524 0.0401013 0.960692
79 0.850183 0.709524 0.0401013 0.960692
79 0.850183 0.709524 0.0401013 0.960692
79 0.850183 0.709524 0.0401013 0.960692
79 0.850183 0.709524 0.0401013 0.960692
79 0.850183 0.709524 0.0401013 0.960692
79 0.850183 0.709524 0.0401013 0.960692
79 0.850183 0.709524 0.0401013 0.960692
79 0.850183 0.709524 0.0401013 0.960692
80 0.850183 0.709524 0.0401013 0.960692
80 0.850183 0.709524 0.0401013 0.960692
80 0.850183 0.709524 0.0401013 0.960692
80 0.850183 0.709524 0.0401013 0.960692
80 0.850183 0.709524 0.0401013 0.960692
80 0.850183 0.709524 0.0401013 0.960692
80 0.850183 0.709524 0.0401013 0.960692
80 0.850183 0.709524 0.0401013 0.960692
80 0.850183 0.709524 0.0401013 0.960692
80 0.850183 0.709524 0.0401013 0.960692
80 0.850183 0.709524 0.0401013 0.960692
80 0.850183 0.709524 0.0401013 0.960692
80 0.850183 0.709524 0.0401013 0.960692
80 0.850183 0.709524 0.0401013 0.960692
80 0.850183 0.709524 0.0401013 0.960692
80 0.850183 0.709524 0.0401013 0.960692
80 0.850183 0.709524 0.0401013 0.960692
80 0.850183 0.709524 0.0401013 0.960692
80 0.850183 0.709524 0.0401013 0.960692
81 0.850183 0.709524 0.0401013 0.960692
81 0.850183 0.709524 0.0401013 0.960692
81 0.850183 0.709524 0.0401013 0.960692
81 0.850183 0.709524 0.0401013 0.960692
81 0.850183 0.709524 0.0401013 0.960692
81 0.850183 0.709524 0.0401013 0.960692
81 0.850183 0.709524 0.0401013 0.960692
81 0.850183 0.709524 0.0401013 0.960692
81 0.850183 0.709524 0.0401013 0.960692
81 0.850183 0.709524 0.0401013 0.960692
81 0.850183 0.709524 0.0401013 0.960692
81 0.850183 0.709524 0.0401013 0.960692
81 0.850183 0.709524 0.0401013 0.960692
81 0.850183 0.709524 0.0401013 0.960692
81 0.850183 0.709524 0.0401013 0.960692
81 0.850183 0.709524 0.0401013 0.960692
81 0.850183 0.709524 0.0401013 0.960692
81 0.850183 0.709524 0.0401013 0.960692
81 0.850183 0.709524 0.0401013 0.960692
82 0.850183 0.709524 0.0401013 0.960692
82 0.850183 0.709524 0.0401013 0.960692
82 0.850183 0.709524 0.0401013 0.960692
82 0.850183 0.709524 0.0401013 0.960692
82 0.850183 0.709524 0.0401013 0.960692
82 0.850183 0.709524 0.0401013 0.960692
82 0.850183 0.709524 0.0401013 0.960692
82 0.850183 0.709524 0.0401013 0.960692
82 0.850183 0.709524 0.0401013 0.960692
82 0.850183 0.709524 0.0401013 0.960692
82 0.850183 0.709524 0.0401013 0.960692
82 0.850183 0.709524 0.0401013 0.960692
82 0.850183 0.709524 0.0401013 0.960692
82 0.850183 0.709524 0.0401013 0.960692
82 0.850183 0.709524 0.0401013 0.960692
82 0.850183 0.709524 0.0401013 0.960692
82 0.850183 0.709524 0.0401013 0.960692
82 0.850183 0.709524 0.0401013 0.960692
82 0.850183 0.709524 0.0401013 0.960692
83 0.850183 0.709524 0.0401013 0.960692
83 0.850183 0.709524 0.0401013 0.960692
83 0.850183 0.709524 0.0401013 0.960692
83 0.850183 0.709524 0.0401013 0.960692
83 0.850183 0.709524 0.0401013 0.960692
83 0.850183 0.709524 0.0401013 0.960692
83 0.850183 0.709524 0.0401013 0.960692
83 0.850183 0.709524 0.0401013 0.960692
83 0.850183 0.709524 0.0401013 0.960692
83 0.850183 0.709524 0.0401013 0.960692
83 0.850183 0.709524 0.0401013 0.960692
83 0.850183 0.709524 0.0401013 0.960692
83 0.850183 0.709524 0.0401013 0.960692
83 0.850183 0.709524 0.0401013 0.960692
83 0.850183 0.709524 0.0401013 0.960692
83 0.850183 0.709524 0.0401013 0.960692
83 0.850183 0.709524 0.0401013 0.960692
83 0.850183 0.709524 0.0401013 0.960692
83 0.850183 0.709524 0.0401013 0.960692
84 0.850183 0.709524 0.0401013 0.960692
84 0.850183 0.709524 0.0401013 0.960692
84 0.850183 0.709524 0.0401013 0.960692
84 0.850183 0.709524 0.0401013 0.960692
84 0.850183 0.709524 0.0401013 0.960692
84 0.850183 0.709524 0.0401013 0.960692
84 0.850183 0.709524 0.0401013 0.960692
84 0.850183 0.709524 0.0401013 0.960692
84 0.850183 0.709524 0.0401013 0.960692
84 0.850183 0.709524 0.0401013 0.960692
84 0.850183 0.709524 0.0401013 0.960692
84 0.850183 0.709524 0.0401013 0.960692
84 0.850183 0.709524 0.0401013 0.960692
84 0.850183 0.709524 0.0401013 0.960692
84 0.850183 0.709524 0.0401013 0.960692
84 0.850183 0.709524 0.0401013 0.960692
84 0.850183 0.709524 0.0401013 0.960692
84 0.850183 0.709524 0.0401013 0.960692
84 0.850183 0.709524 0.0401013 0.960692
85 0.850183 0.709524 0.0401013 0.960692
85 0.850183 0.709524 0.0401013 0.960692
85 0.850183 0.709524 0.0401013 0.960692
85 0.850183 0.709524 0.0401013 0.960692
85 0.850183 0.709524 0.0401013 0.960692
85 0.850183 0.709524 0.0401013 0.960692
85 0.850183 0.709524 0.0401013 0.960692
85 0.850183 0.709524 0.0401013 0.960692
85 0.850183 0.709524 0.0401013 0.960692
85 0.850183 0.709524 0.0401013 0.960692
85 0.850183 0.709524 0.0401013 0.960692
85 0.850183 0.709524 0.0401013 0.960692
85 0.850183 0.709524 0.0401013 0.960692
85 0.850183 0.709524 0.0401013 0.960692
85 0.850183 0.709524 0.0401013 0.960692
85 0.850183 0.709524 0.0401013 0.960692
85 0.850183 0.709524 0.0401013 0.960692
85 0.850183 0.709524 0.0401013 0.960692
85 0.850183 0.709524 0.0401013 0.960692
86 0.850183 0.709524 0.0401013 0.960692
86 0.850183 0.709524 0.0401013 0.960692
86 0.850183 0.709524 0.0401013 0.960692
86 0.850183 0.709524 0.0401013 0.960692
86 0.850183 0.709524 0.0401013 0.960692
86 0.850183 0.709524 0.0401013 0.960692
86 0.850183 0.709524 0.0401013 0.960692
86 0.850183 0.709524 0.0401013 0.960692
86 0.850183 0.709524 0.0401013 0.960692
86 0.850183 0.709524 0.0401013 0.960692
86 0.850183 0.709524 0.0401013 0.960692
86 0.850183 0.709524 0.0401013 0.960692
86 0.850183 0.709524 0.0401013 0.960692
86 0.850183 0.709524 0.0401013 0.960692
86 0.850183 0.709524 0.0401013 0.960692
86 0.850183 0.709524 0.0401013 0.960692
86 0.850183 0.709524 0.0401013 0.960692
86 0.850183 0.709524 0.0401013 0.960692
86 0.850183 0.709524 0.0401013 0.960692
87 0.850183 0.710989 0.0364224 0.964233
87 0.850183 0.709524 0.0401013 0.960692
87 0.850183 0.709524 0.0401013 0.960692
87 0.850183 0.709524 0.0401013 0.960692
87 0.850183 0.709524 0.0401013 0.960692
87 0.850183 0.709524 0.0401013 0.960692
87 0.850183 0.710989 0.0364224 0.964233
87 0.850183 0.709524 0.0401013 0.960692
87 0.850183 0.709524 0.0401013 0.960692
87 0.850183 0.709524 0.0401013 0.960692
87 0.850183 0.709524 0.0401013 0.960692
87 0.850183 0.709524 0.0401013 0.960692
87 0.850183 0.709524 0.0401013 0.960692
87 0.850183 0.709524 0.0401013 0.960692
87 0.850183 0.709524 0.0401013 0.960692
87 0.850183 0.709524 0.0401013 0.960692
87 0.850183 0.710989 0.0364224 0.964233
87 0.850183 0.709524 0.0401013 0.960692
87 0.850183 0.709524 0.0401013 0.960692
88 0.850183 0.710989 0.0364224 0.964233
88 0.850183 0.710989 0.0364224 0.964233
88 0.850183 0.709524 0.0401013 0.960692
88 0.850183 0.709524 0.0401013 0.960692
88 0.850183 0.709524 0.0401013 0.960692
88 0.850183 0.709524 0.0401013 0.960692
88 0.850183 0.710989 0.0364224 0.964233
88 0.850183 0.710989 0.0364224 0.964233
88 0.850183 0.710989 0.0364224 0.964233
88 0.850183 0.709524 0.0401013 0.960692
88 0.850183 0.709524 0.0401013 0.960692
88 0.850183 0.709524 0.0401013 0.960692
88 0.850183 0.709524 0.0401013 0.960692
88 0.850183 0.709524 0.0401013 0.960692
88 0.850183 0.709524 0.0401013 0.960692
88 0.850183 0.709524 0.0401013 0.960692
88 0.850183 0.709524 0.0401013 0.960692
88 0.850183 0.709524 0.0401013 0.960692
88 0.850183 0.709524 0.0401013 0.960692
89 0.850183 0.710989 0.0364224 0.964233
89 0.850183 0.709524 0.0401013 0.960692
89 0.850183 0.709524 0.0401013 0.960692
89 0.850183 0.709524 0.0401013 0.960692
89 0.850183 0.710989 0.0364224 0.964233
89 0.850183 0.709524 0.0401013 0.960692
89 0.850183 0.710989 0.0364224 0.964233
89 0.850183 0.710989 0.0364224 0.964233
89 0.850183 0.709524 0.0401013 0.960692
89 0.850183 0.710989 0.0364224 0.964233
89 0.850183 0.710989 0.0364224 0.964233
89 0.850183 0.710989 0.0364224 0.964233
89 0.850183 0.710989 0.0364224 0.964233
89 0.850183 0.709524 0.0401013 0.960692
89 0.850183 0.709524 0.0401013 0.960692
89 0.850183 0.709524 0.0401013 0.960692
89 0.850183 0.709524 0.0401013 0.960692
89 0.850183 0.710989 0.0364224 0.964233
89 0.850183 0.710989 0.0364224 0.964233
90 0.850183 0.710989 0.0364224 0.964233
90 0.850183 0.709524 0.0401013 0.960692
90 0.850183 0.710989 0.0364224 0.964233
90 0.850183 0.710989 0.0364224 0.964233
90 0.850183 0.709524 0.0401013 0.960692
90 0.850183 0.710989 0.0364224 0.964233
90 0.850183 0.709524 0.0401013 0.960692
90 0.850183 0.709524 0.0401013 0.960692
90 0.850183 0.709524 0.0401013 0.960692
90 0.850183 0.709524 0.0401013 0.960692
90 0.850183 0.710989 0.0364224 0.964233
90 0.850183 0.709524 0.0401013 0.960692
90 0.850183 0.710989 0.0364224 0.964233
90 0.850183 0.710989 0.0364224 0.964233
90 0.850183 0.710989 0.0364224 0.964233
90 0.850183 0.709524 0.0401013 0.960692
90 0.850183 0.709524 0.0401013 0.960692
90 0.850183 0.709524 0.0401013 0.960692
90 0.850183 0.709524 0.0401013 0.960692
91 0.850183 0.710989 0.0364224 0.964233
91 0.850183 0.709524 0.0401013 0.960692
91 0.850183 0.709524 0.0401013 0.960692
91 0.850183 0.710989 0.0364224 0.964233
91 0.850183 0.709524 0.0401013 0.960692
91 0.850183 0.710989 0.0364224 0.964233
91 0.850183 0.710989 0.0364224 0.964233
91 0.850183 0.709524 0.0401013 0.960692
91 0.850183 0.709524 0.0401013 0.960692
91 0.850183 0.709524 0.0401013 0.960692
91 0.850183 0.710989 0.0364224 0.964233
91 0.850183 0.710989 0.0364224 0.964233
91 0.850183 0.710989 0.0364224 0.964233
91 0.850183 0.709524 0.0401013 0.960692
91 0.850183 0.709524 0.0401013 0.960692
91 0.850183 0.709524 0.0401013 0.960692
91 0.850183 0.709524 0.0401013 0.960692
91 0.850183 0.709524 0.0401013 0.960692
91 0.850183 0.709524 0.0401013 0.960692
92 0.850183 0.710989 0.0364224 0.964233
92 0.850183 0.710989 0.0364224 0.964233
92 0.850183 0.709524 0.0401013 0.960692
92 0.850183 0.710989 0.0364224 0.964233
92 0.850183 0.709524 0.0401013 0.960692
92 0.850183 0.710989 0.0364224 0.964233
92 0.850183 0.710989 0.0364224 0.964233
92 0.850183 0.710989 0.0364224 0.964233
92 0.850183 0.709524 0.0401013 0.960692
92 0.850183 0.710989 0.0364224 0.964233
92 0.850183 0.710989 0.0364224 0.964233
92 0.850183 0.709524 0.0401013 0.960692
92 0.850183 0.710989 0.0364224 0.964233
92 0.850183 0.709524 0.0401013 0.960692
92 0.850183 0.709524 0.0401013 0.960692
92 0.850183 0.710989 0.0364224 0.964233
92 0.850183 0.709524 0.0401013 0.960692
92 0.850183 0.709524 0.0401013 0.960692
92 0.850183 0.709524 0.0401013 0.960692
93 0.850183 0.710989 0.0364224 0.964233
93 0.850183 0.709524 0.0401013 0.960692
93 0.850183 0.710989 0.0364224 0.964233
93 0.850183 0.710989 0.0364224 0.964233
93 0.850183 0.709524 0.0401013 0.960692
93 0.850183 0.710989 0.0364224 0.964233
93 0.850183 0.709524 0.0401013 0.960692
93 0.850183 0.709524 0.0401013 0.960692
93 0.850183 0.710989 0.0364224 0.964233
93 0.850183 0.709524 0.0401013 0.960692
93 0.850183 0.709524 0.0401013 0.960692
93 0.850183 0.710989 0.0364224 0.964233
93 0.850183 0.709524 0.0401013 0.960692
93 0.850183 0.710989 0.0364224 0.964233
93 0.850183 0.710989 0.0364224 0.964233
93 0.850183 0.709524 0.0401013 0.960692
93 0.850183 0.709524 0.0401013 0.960692
93 0.850183 0.710989 0.0364224 0.964233
93 0.850183 0.710989 0.0364224 0.964233
94 0.850183 0.710989 0.0364224 0.964233
94 0.850183 0.710989 0.0364224 0.964233
94 0.850183 0.709524 0.0401013 0.960692
94 0.850183 0.709524 0.0401013 0.960692
94 0.850183 0.710989 0.0364224 0.964233
94 0.850183 0.710989 0.0364224 0.964233
94 0.850183 0.710989 0.0364224 0.964233
94 0.850183 0.710989 0.0364224 0.964233
94 0.850183 0.710989 0.0364224 0.964233
94 0.850183 0.709524 0.0401013 0.960692
94 0.850183 0.710989 0.0364224 0.964233
94 0.850183 0.709524 0.0401013 0.960692
94 0.850183 0.709524 0.0401013 0.960692
94 0.850183 0.709524 0.0401013 0.960692
94 0.850183 0.710989 0.0364224 0.964233
94 0.850183 0.709524 0.0401013 0.960692
94 0.850183 0.709524 0.0401013 0.960692
94 0.850183 0.709524 0.0401013 0.960692
94 0.850183 0.709524 0.0401013 0.960692
95 0.850183 0.710989 0.0364224 0.964233
95 0.850183 0.710989 0.0364224 0.964233
95 0.850183 0.710989 0.0364224 0.964233
95 0.850183 0.710989 0.0364224 0.964233
95 0.850183 0.710989 0.0364224 0.964233
95 0.850183 0.709524 0.0401013 0.960692
95 0.850183 0.710989 0.0364224 0.964233
95 0.850183 0.709524 0.0401013 0.960692
95 0.850183 0.709524 0.0401013 0.960692
95 0.850183 0.709524 0.0401013 0.960692
95 0.850183 0.709524 0.0401013 0.960692
95 0.850183 0.710989 0.0364224 0.964233
95 0.850183 0.709524 0.0401013 0.960692
95 0.850183 0.709524 0.0401013 0.960692
95 0.850183 0.709524 0.0401013 0.960692
95 0.850183 0.709524 0.0401013 0.960692
95 0.850183 0.710989 0.0364224 0.964233
95 0.850183 0.709524 0.0401013 0.960692
95 0.850183 0.709524 0.0401013 0.960692
96 0.850183 0.710989 0.0364224 0.964233
96 0.850183 0.709524 0.0401013 0.960692
96 0.850183 0.709524 0.0401013 0.960692
96 0.850183 0.709524 0.0401013 0.960692
96 0.850183 0.709524 0.0401013 0.960692
96 0.850183 0.709524 0.0401013 0.960692
96 0.850183 0.710989 0.0364224 0.964233
96 0.850183 0.709524 0.0401013 0.960692
96 0.850183 0.710989 0.0364224 0.964233
96 0.850183 0.709524 0.0401013 0.960692
96 0.850183 0.709524 0.0401013 0.960692
96 0.850183 0.709524 0.0401013 0.960692
96 0.850183 0.710989 0.0364224 0.964233
96 0.850183 0.709524 0.0401013 0.960692
96 0.850183 0.709524 0.0401013 0.960692
96 0.850183 0.710989 0.0364224 0.964233
96 0.850183 0.709524 0.0401013 0.960692
96 0.850183 0.710989 0.0364224 0.964233
96 0.850183 0.709524 0.0401013 0.960692
97 0.850183 0.710989 0.0364224 0.964233
97 0.850183 0.710989 0.0364224 0.964233
97 0.850183 0.710989 0.0364224 0.964233
97 0.850183 0.710989 0.0364224 0.964233
97 0.850183 0.709524 0.0401013 0.960692
97 0.850183 0.710989 0.0364224 0.964233
97 0.850183 0.709524 0.0401013 0.960692
97 0.850183 0.710989 0.0364224 0.964233
97 0.850183 0.709524 0.0401013 0.960692
97 0.850183 0.709524 0.0401013 0.960692
97 0.850183 0.709524 0.0401013 0.960692
97 0.850183 0.710989 0.0364224 0.964233
97 0.850183 0.709524 0.0401013 0.960692
97 0.850183 0.710989 0.0364224 0.964233
97 0.850183 0.710989 0.0364224 0.964233
97 0.850183 0.709524 0.0401013 0.960692
97 0.850183 0.709524 0.0401013 0.960692
97 0.850183 0.710989 0.0364224 0.964233
97 0.850183 0.710989 0.0364224 0.964233
98 0.850183 0.710989 0.0364224 0.964233
98 0.850183 0.710989 0.0364224 0.964233
98 0.850183 0.709524 0.0401013 0.960692
98 0.850183 0.709524 0.0401013 0.960692
98 0.850183 0.710989 0.0364224 0.964233
98 0.850183 0.709524 0.0401013 0.960692
98 0.850183 0.710989 0.0364224 0.964233
98 0.850183 0.710989 0.0364224 0.964233
98 0.850183 0.709524 0.0401013 0.960692
98 0.850183 0.709524 0.0401013 0.960692
98 0.850183 0.710989 0.0364224 0.964233
98 0.850183 0.710989 0.0364224 0.964233
98 0.850183 0.709524 0.0401013 0.960692
98 0.850183 0.710989 0.0364224 0.964233
98 0.850183 0.710989 0.0364224 0.964233
98 0.850183 0.710989 0.0364224 0.964233
98 0.850183 0.709524 0.0401013 0.960692
98 0.850183 0.710989 0.0364224 0.964233
98 0.850183 0.709524 0.0401013 0.960692
99 0.850183 0.710989 0.0364224 0.964233
99 0.850183 0.709524 0.0401013 0.960692
99 0.850183 0.709524 0.0401013 0.960692
99 0.850183 0.710989 0.0364224 0.964233
99 0.850183 0.710989 0.0364224 0.964233
99 0.850183 0.709524 0.0401013 0.960692
99 0.850183 0.709524 0.0401013 0.960692
99 0.850183 0.709524 0.0401013 0.960692
99 0.850183 0.709524 0.0401013 0.960692
99 0.850183 0.709524 0.0401013 0.960692
99 0.850183 0.709524 0.0401013 0.960692
99 0.850183 0.709524 0.0401013 0.960692
99 0.850183 0.710989 0.0364224 0.964233
99 0.850183 0.709524 0.0401013 0.960692
99 0.850183 0.710989 0.0364224 0.964233
99 0.850183 0.709524 0.0401013 0.960692
99 0.850183 0.709524 0.0401013 0.960692
99 0.850183 0.709524 0.0401013 0.960692
99 0.850183 0.710989 0.0364224 0.964233
100 0.850183 0.710989 0.0364224 0.964233
100 0.850183 0.709524 0.0401013 0.960692
100 0.850183 0.709524 0.0401013 0.960692
100 0.850183 0.709524 0.0401013 0.960692
100 0.850183 0.709524 0.0401013 0.960692
100 0.850183 0.709524 0.0401013 0.960692
100 0.850183 0.709524 0.0401013 0.960692
100 0.850183 0.709524 0.0401013 0.960692
100 0.850183 0.710989 0.0364224 0.964233
100 0.850183 0.710989 0.0364224 0.964233
100 0.850183 0.709524 0.0401013 0.960692
100 0.850183 0.709524 0.0401013 0.960692
100 0.850183 0.709524 0.0401013 0.960692
100 0.850183 0.709524 0.0401013 0.960692
100 0.850183 0.709524 0.0401013 0.960692
100 0.850183 0.709524 0.0401013 0.960692
100 0.850183 0.709524 0.0401013 0.960692
100 0.850183 0.709524 0.0401013 0.960692
100 0.850183 0.709524 0.0401013 0.960692
